# # wav (nm)  tau(z=0km)
323.0    0.000e+00
323.1    0.000e+00
323.2    0.000e+00
323.3    0.000e+00
323.4    0.000e+00
323.5    0.000e+00
323.6    0.000e+00
323.7    0.000e+00
323.8    0.000e+00
323.9    0.000e+00
324.0    0.000e+00
324.1    0.000e+00
324.2    0.000e+00
324.3    0.000e+00
324.4    0.000e+00
324.5    0.000e+00
324.6    0.000e+00
324.7    0.000e+00
324.8    0.000e+00
324.9    0.000e+00
325.0    0.000e+00
325.1    0.000e+00
325.2    0.000e+00
325.3    0.000e+00
325.4    0.000e+00
325.5    0.000e+00
325.6    0.000e+00
325.7    0.000e+00
325.8    0.000e+00
325.9    0.000e+00
326.0    0.000e+00
326.1    0.000e+00
326.2    0.000e+00
326.3    0.000e+00
326.4    0.000e+00
326.5    0.000e+00
326.6    0.000e+00
326.7    0.000e+00
326.8    0.000e+00
326.9    0.000e+00
327.0    0.000e+00
327.1    0.000e+00
327.2    0.000e+00
327.3    0.000e+00
327.4    0.000e+00
327.5    0.000e+00
327.6    0.000e+00
327.7    0.000e+00
327.8    0.000e+00
327.9    0.000e+00
328.0    0.000e+00
328.1    0.000e+00
328.2    0.000e+00
328.3    0.000e+00
328.4    0.000e+00
328.5    0.000e+00
328.6    0.000e+00
328.7    0.000e+00
328.8    0.000e+00
328.9    0.000e+00
329.0    0.000e+00
329.1    0.000e+00
329.2    0.000e+00
329.3    0.000e+00
329.4    0.000e+00
329.5    0.000e+00
329.6    0.000e+00
329.7    0.000e+00
329.8    0.000e+00
329.9    0.000e+00
330.0    0.000e+00
330.1    0.000e+00
330.2    0.000e+00
330.3    0.000e+00
330.4    0.000e+00
330.5    0.000e+00
330.6    0.000e+00
330.7    0.000e+00
330.8    0.000e+00
330.9    0.000e+00
331.0    0.000e+00
331.1    0.000e+00
331.2    0.000e+00
331.3    0.000e+00
331.4    0.000e+00
331.5    0.000e+00
331.6    0.000e+00
331.7    0.000e+00
331.8    0.000e+00
331.9    0.000e+00
332.0    0.000e+00
332.1    0.000e+00
332.2    0.000e+00
332.3    0.000e+00
332.4    0.000e+00
332.5    0.000e+00
332.6    0.000e+00
332.7    0.000e+00
332.8    0.000e+00
332.9    0.000e+00
333.0    0.000e+00
333.1    0.000e+00
333.2    0.000e+00
333.3    0.000e+00
333.4    0.000e+00
333.5    0.000e+00
333.6    0.000e+00
333.7    0.000e+00
333.8    0.000e+00
333.9    0.000e+00
334.0    0.000e+00
334.1    0.000e+00
334.2    0.000e+00
334.3    0.000e+00
334.4    0.000e+00
334.5    0.000e+00
334.6    0.000e+00
334.7    0.000e+00
334.8    0.000e+00
334.9    0.000e+00
335.0    0.000e+00
335.1    0.000e+00
335.2    0.000e+00
335.3    7.571e-06
335.4    2.296e-05
335.5    9.979e-06
335.6    2.409e-05
335.7    2.260e-05
335.8    0.000e+00
335.9    5.100e-06
336.0    0.000e+00
336.1    0.000e+00
336.2    0.000e+00
336.3    4.903e-06
336.4    0.000e+00
336.5    4.247e-06
336.6    3.245e-05
336.7    1.925e-05
336.8    4.143e-05
336.9    0.000e+00
337.0    0.000e+00
337.1    0.000e+00
337.2    7.708e-06
337.3    5.849e-06
337.4    0.000e+00
337.5    1.805e-05
337.6    1.408e-06
337.7    4.075e-05
337.8    2.316e-05
337.9    1.157e-05
338.0    1.282e-05
338.1    4.405e-05
338.2    2.269e-05
338.3    5.278e-05
338.4    5.000e-05
338.5    5.490e-05
338.6    5.897e-05
338.7    8.102e-05
338.8    9.367e-05
338.9    1.058e-04
339.0    1.019e-04
339.1    1.227e-04
339.2    1.299e-04
339.3    1.350e-04
339.4    1.278e-04
339.5    1.650e-04
339.6    1.810e-04
339.7    1.839e-04
339.8    1.922e-04
339.9    2.144e-04
340.0    2.302e-04
340.1    2.501e-04
340.2    2.721e-04
340.3    2.845e-04
340.4    3.116e-04
340.5    3.371e-04
340.6    3.601e-04
340.7    4.080e-04
340.8    4.111e-04
340.9    4.494e-04
341.0    4.740e-04
341.1    5.186e-04
341.2    5.594e-04
341.3    5.925e-04
341.4    6.474e-04
341.5    6.723e-04
341.6    7.279e-04
341.7    7.488e-04
341.8    7.900e-04
341.9    8.458e-04
342.0    8.793e-04
342.1    9.296e-04
342.2    9.729e-04
342.3    1.004e-03
342.4    1.050e-03
342.5    1.097e-03
342.6    1.136e-03
342.7    1.161e-03
342.8    1.197e-03
342.9    1.219e-03
343.0    1.250e-03
343.1    1.269e-03
343.2    1.278e-03
343.3    1.293e-03
343.4    1.304e-03
343.5    1.324e-03
343.6    1.333e-03
343.7    1.340e-03
343.8    1.349e-03
343.9    1.349e-03
344.0    1.347e-03
344.1    1.330e-03
344.2    1.297e-03
344.3    1.236e-03
344.4    1.169e-03
344.5    1.109e-03
344.6    1.034e-03
344.7    9.571e-04
344.8    8.772e-04
344.9    8.093e-04
345.0    7.271e-04
345.1    6.586e-04
345.2    5.951e-04
345.3    5.260e-04
345.4    4.794e-04
345.5    4.052e-04
345.6    3.703e-04
345.7    3.244e-04
345.8    2.862e-04
345.9    2.507e-04
346.0    2.202e-04
346.1    1.902e-04
346.2    1.667e-04
346.3    1.456e-04
346.4    1.243e-04
346.5    1.038e-04
346.6    8.788e-05
346.7    6.546e-05
346.8    5.478e-05
346.9    4.956e-05
347.0    3.862e-05
347.1    3.159e-05
347.2    2.198e-05
347.3    1.520e-05
347.4    8.593e-06
347.5    5.552e-06
347.6    6.634e-06
347.7    4.124e-06
347.8    4.125e-06
347.9    0.000e+00
348.0    3.940e-06
348.1    2.232e-06
348.2    0.000e+00
348.3    0.000e+00
348.4    0.000e+00
348.5    0.000e+00
348.6    1.013e-07
348.7    2.434e-06
348.8    0.000e+00
348.9    3.353e-06
349.0    0.000e+00
349.1    1.003e-05
349.2    5.461e-06
349.3    6.633e-06
349.4    9.660e-06
349.5    1.648e-05
349.6    1.045e-05
349.7    1.832e-05
349.8    2.105e-05
349.9    2.530e-05
350.0    2.930e-05
350.1    3.395e-05
350.2    2.904e-05
350.3    3.875e-05
350.4    4.674e-05
350.5    4.867e-05
350.6    5.488e-05
350.7    5.609e-05
350.8    6.232e-05
350.9    6.655e-05
351.0    7.403e-05
351.1    8.378e-05
351.2    8.560e-05
351.3    9.447e-05
351.4    9.646e-05
351.5    1.007e-04
351.6    1.117e-04
351.7    1.189e-04
351.8    1.274e-04
351.9    1.308e-04
352.0    1.409e-04
352.1    1.491e-04
352.2    1.627e-04
352.3    1.643e-04
352.4    1.748e-04
352.5    1.838e-04
352.6    1.952e-04
352.7    1.982e-04
352.8    2.115e-04
352.9    2.240e-04
353.0    2.407e-04
353.1    2.468e-04
353.2    2.618e-04
353.3    2.704e-04
353.4    2.849e-04
353.5    3.043e-04
353.6    3.153e-04
353.7    3.268e-04
353.8    3.391e-04
353.9    3.558e-04
354.0    3.768e-04
354.1    3.902e-04
354.2    4.075e-04
354.3    4.254e-04
354.4    4.430e-04
354.5    4.647e-04
354.6    4.858e-04
354.7    5.117e-04
354.8    5.371e-04
354.9    5.614e-04
355.0    5.882e-04
355.1    6.108e-04
355.2    6.400e-04
355.3    6.731e-04
355.4    7.017e-04
355.5    7.339e-04
355.6    7.743e-04
355.7    8.074e-04
355.8    8.488e-04
355.9    8.903e-04
356.0    9.278e-04
356.1    9.802e-04
356.2    1.021e-03
356.3    1.076e-03
356.4    1.134e-03
356.5    1.191e-03
356.6    1.251e-03
356.7    1.315e-03
356.8    1.380e-03
356.9    1.453e-03
357.0    1.528e-03
357.1    1.610e-03
357.2    1.695e-03
357.3    1.790e-03
357.4    1.881e-03
357.5    1.981e-03
357.6    2.084e-03
357.7    2.191e-03
357.8    2.306e-03
357.9    2.429e-03
358.0    2.555e-03
358.1    2.683e-03
358.2    2.819e-03
358.3    2.959e-03
358.4    3.097e-03
358.5    3.248e-03
358.6    3.395e-03
358.7    3.550e-03
358.8    3.708e-03
358.9    3.865e-03
359.0    4.030e-03
359.1    4.196e-03
359.2    4.351e-03
359.3    4.515e-03
359.4    4.660e-03
359.5    4.813e-03
359.6    4.952e-03
359.7    5.087e-03
359.8    5.207e-03
359.9    5.319e-03
360.0    5.419e-03
360.1    5.505e-03
360.2    5.578e-03
360.3    5.649e-03
360.4    5.712e-03
360.5    5.771e-03
360.6    5.830e-03
360.7    5.882e-03
360.8    5.935e-03
360.9    5.971e-03
361.0    5.977e-03
361.1    5.937e-03
361.2    5.848e-03
361.3    5.711e-03
361.4    5.526e-03
361.5    5.326e-03
361.6    5.089e-03
361.7    4.832e-03
361.8    4.560e-03
361.9    4.258e-03
362.0    3.963e-03
362.1    3.671e-03
362.2    3.386e-03
362.3    3.108e-03
362.4    2.851e-03
362.5    2.611e-03
362.6    2.386e-03
362.7    2.172e-03
362.8    1.981e-03
362.9    1.796e-03
363.0    1.637e-03
363.1    1.481e-03
363.2    1.345e-03
363.3    1.220e-03
363.4    1.109e-03
363.5    9.988e-04
363.6    9.026e-04
363.7    8.197e-04
363.8    7.396e-04
363.9    6.662e-04
364.0    5.978e-04
364.1    5.378e-04
364.2    4.868e-04
364.3    4.372e-04
364.4    3.866e-04
364.5    3.451e-04
364.6    3.086e-04
364.7    2.765e-04
364.8    2.425e-04
364.9    2.153e-04
365.0    1.890e-04
365.1    1.689e-04
365.2    1.494e-04
365.3    1.277e-04
365.4    1.122e-04
365.5    1.003e-04
365.6    8.750e-05
365.7    7.528e-05
365.8    6.507e-05
365.9    5.610e-05
366.0    4.622e-05
366.1    4.264e-05
366.2    3.091e-05
366.3    2.956e-05
366.4    2.168e-05
366.5    2.197e-05
366.6    1.530e-05
366.7    1.197e-05
366.8    9.380e-06
366.9    6.268e-06
367.0    5.284e-06
367.1    1.451e-06
367.2    2.816e-06
367.3    1.423e-06
367.4    0.000e+00
367.5    0.000e+00
367.6    0.000e+00
367.7    0.000e+00
367.8    0.000e+00
367.9    0.000e+00
368.0    0.000e+00
368.1    0.000e+00
368.2    0.000e+00
368.3    0.000e+00
368.4    0.000e+00
368.5    0.000e+00
368.6    0.000e+00
368.7    0.000e+00
368.8    0.000e+00
368.9    0.000e+00
369.0    0.000e+00
369.1    0.000e+00
369.2    0.000e+00
369.3    0.000e+00
369.4    0.000e+00
369.5    0.000e+00
369.6    1.957e-06
369.7    0.000e+00
369.8    0.000e+00
369.9    0.000e+00
370.0    4.893e-07
370.1    1.292e-06
370.2    1.324e-06
370.3    4.373e-06
370.4    3.910e-06
370.5    4.727e-06
370.6    3.474e-06
370.7    4.298e-06
370.8    6.504e-06
370.9    4.405e-06
371.0    8.639e-06
371.1    6.489e-06
371.2    7.193e-06
371.3    9.893e-06
371.4    6.512e-06
371.5    1.297e-05
371.6    1.410e-05
371.7    1.078e-05
371.8    1.506e-05
371.9    1.151e-05
372.0    1.577e-05
372.1    1.796e-05
372.2    1.571e-05
372.3    1.743e-05
372.4    2.057e-05
372.5    1.976e-05
372.6    1.855e-05
372.7    2.066e-05
372.8    2.395e-05
372.9    2.637e-05
373.0    2.693e-05
373.1    3.020e-05
373.2    3.279e-05
373.3    3.589e-05
373.4    3.801e-05
373.5    3.809e-05
373.6    4.292e-05
373.7    4.495e-05
373.8    4.806e-05
373.9    5.312e-05
374.0    5.830e-05
374.1    5.964e-05
374.2    6.275e-05
374.3    6.597e-05
374.4    7.217e-05
374.5    7.667e-05
374.6    7.912e-05
374.7    8.584e-05
374.8    9.571e-05
374.9    1.036e-04
375.0    1.117e-04
375.1    1.179e-04
375.2    1.298e-04
375.3    1.404e-04
375.4    1.550e-04
375.5    1.668e-04
375.6    1.826e-04
375.7    1.947e-04
375.8    2.176e-04
375.9    2.347e-04
376.0    2.527e-04
376.1    2.772e-04
376.2    3.033e-04
376.3    3.322e-04
376.4    3.605e-04
376.5    3.940e-04
376.6    4.323e-04
376.7    4.657e-04
376.8    5.122e-04
376.9    5.557e-04
377.0    6.062e-04
377.1    6.611e-04
377.2    7.155e-04
377.3    7.776e-04
377.4    8.477e-04
377.5    9.207e-04
377.6    9.930e-04
377.7    1.074e-03
377.8    1.162e-03
377.9    1.258e-03
378.0    1.353e-03
378.1    1.461e-03
378.2    1.569e-03
378.3    1.680e-03
378.4    1.803e-03
378.5    1.922e-03
378.6    2.050e-03
378.7    2.178e-03
378.8    2.297e-03
378.9    2.424e-03
379.0    2.543e-03
379.1    2.663e-03
379.2    2.773e-03
379.3    2.879e-03
379.4    2.985e-03
379.5    3.075e-03
379.6    3.152e-03
379.7    3.236e-03
379.8    3.306e-03
379.9    3.374e-03
380.0    3.439e-03
380.1    3.487e-03
380.2    3.530e-03
380.3    3.546e-03
380.4    3.535e-03
380.5    3.508e-03
380.6    3.473e-03
380.7    3.418e-03
380.8    3.364e-03
380.9    3.302e-03
381.0    3.229e-03
381.1    3.137e-03
381.2    3.033e-03
381.3    2.914e-03
381.4    2.783e-03
381.5    2.650e-03
381.6    2.518e-03
381.7    2.387e-03
381.8    2.253e-03
381.9    2.119e-03
382.0    1.997e-03
382.1    1.862e-03
382.2    1.741e-03
382.3    1.619e-03
382.4    1.508e-03
382.5    1.392e-03
382.6    1.285e-03
382.7    1.182e-03
382.8    1.087e-03
382.9    9.935e-04
383.0    9.133e-04
383.1    8.422e-04
383.2    7.638e-04
383.3    6.978e-04
383.4    6.403e-04
383.5    5.792e-04
383.6    5.255e-04
383.7    4.818e-04
383.8    4.321e-04
383.9    3.920e-04
384.0    3.542e-04
384.1    3.117e-04
384.2    2.889e-04
384.3    2.575e-04
384.4    2.347e-04
384.5    2.135e-04
384.6    1.869e-04
384.7    1.726e-04
384.8    1.491e-04
384.9    1.275e-04
385.0    1.146e-04
385.1    1.013e-04
385.2    9.593e-05
385.3    8.126e-05
385.4    5.814e-05
385.5    6.632e-05
385.6    5.406e-05
385.7    4.291e-05
385.8    5.219e-05
385.9    3.823e-05
386.0    2.193e-05
386.1    2.217e-05
386.2    1.685e-05
386.3    1.359e-05
386.4    1.303e-05
386.5    9.898e-06
386.6    1.211e-05
386.7    1.090e-06
386.8    1.241e-05
386.9    4.745e-06
387.0    2.126e-06
387.1    0.000e+00
387.2    0.000e+00
387.3    8.195e-07
387.4    9.304e-06
387.5    3.611e-06
387.6    8.872e-06
387.7    0.000e+00
387.8    0.000e+00
387.9    2.213e-06
388.0    0.000e+00
388.1    2.494e-06
388.2    2.610e-05
388.3    0.000e+00
388.4    1.293e-05
388.5    0.000e+00
388.6    1.294e-05
388.7    0.000e+00
388.8    2.302e-05
388.9    0.000e+00
389.0    1.635e-05
389.1    1.503e-05
389.2    4.238e-05
389.3    2.134e-05
389.4    9.608e-06
389.5    0.000e+00
389.6    0.000e+00
389.7    0.000e+00
389.8    0.000e+00
389.9    0.000e+00
390.0    0.000e+00
390.1    0.000e+00
390.2    0.000e+00
390.3    0.000e+00
390.4    0.000e+00
390.5    0.000e+00
390.6    0.000e+00
390.7    0.000e+00
390.8    0.000e+00
390.9    0.000e+00
391.0    0.000e+00
391.1    0.000e+00
391.2    0.000e+00
391.3    0.000e+00
391.4    0.000e+00
391.5    0.000e+00
391.6    0.000e+00
391.7    0.000e+00
391.8    0.000e+00
391.9    0.000e+00
392.0    0.000e+00
392.1    0.000e+00
392.2    0.000e+00
392.3    0.000e+00
392.4    0.000e+00
392.5    0.000e+00
392.6    0.000e+00
392.7    0.000e+00
392.8    0.000e+00
392.9    0.000e+00
393.0    0.000e+00
393.1    0.000e+00
393.2    0.000e+00
393.3    0.000e+00
393.4    0.000e+00
393.5    0.000e+00
393.6    0.000e+00
393.7    0.000e+00
393.8    0.000e+00
393.9    0.000e+00
394.0    0.000e+00
394.1    0.000e+00
394.2    0.000e+00
394.3    0.000e+00
394.4    0.000e+00
394.5    0.000e+00
394.6    0.000e+00
394.7    0.000e+00
394.8    0.000e+00
394.9    0.000e+00
395.0    0.000e+00
395.1    0.000e+00
395.2    0.000e+00
395.3    0.000e+00
395.4    0.000e+00
395.5    0.000e+00
395.6    0.000e+00
395.7    0.000e+00
395.8    0.000e+00
395.9    0.000e+00
396.0    0.000e+00
396.1    0.000e+00
396.2    0.000e+00
396.3    0.000e+00
396.4    0.000e+00
396.5    0.000e+00
396.6    0.000e+00
396.7    0.000e+00
396.8    0.000e+00
396.9    0.000e+00
397.0    0.000e+00
397.1    0.000e+00
397.2    0.000e+00
397.3    0.000e+00
397.4    0.000e+00
397.5    0.000e+00
397.6    0.000e+00
397.7    0.000e+00
397.8    0.000e+00
397.9    0.000e+00
398.0    0.000e+00
398.1    0.000e+00
398.2    0.000e+00
398.3    0.000e+00
398.4    0.000e+00
398.5    0.000e+00
398.6    0.000e+00
398.7    0.000e+00
398.8    0.000e+00
398.9    0.000e+00
399.0    0.000e+00
399.1    0.000e+00
399.2    0.000e+00
399.3    0.000e+00
399.4    0.000e+00
399.5    0.000e+00
399.6    0.000e+00
399.7    0.000e+00
399.8    0.000e+00
399.9    0.000e+00
400.0    0.000e+00
400.1    0.000e+00
400.2    0.000e+00
400.3    0.000e+00
400.4    0.000e+00
400.5    0.000e+00
400.6    0.000e+00
400.7    0.000e+00
400.8    0.000e+00
400.9    0.000e+00
401.0    0.000e+00
401.1    0.000e+00
401.2    0.000e+00
401.3    0.000e+00
401.4    0.000e+00
401.5    0.000e+00
401.6    0.000e+00
401.7    0.000e+00
401.8    0.000e+00
401.9    0.000e+00
402.0    0.000e+00
402.1    0.000e+00
402.2    0.000e+00
402.3    0.000e+00
402.4    0.000e+00
402.5    0.000e+00
402.6    0.000e+00
402.7    0.000e+00
402.8    0.000e+00
402.9    0.000e+00
403.0    0.000e+00
403.1    0.000e+00
403.2    0.000e+00
403.3    0.000e+00
403.4    0.000e+00
403.5    0.000e+00
403.6    0.000e+00
403.7    0.000e+00
403.8    0.000e+00
403.9    0.000e+00
404.0    0.000e+00
404.1    0.000e+00
404.2    0.000e+00
404.3    0.000e+00
404.4    0.000e+00
404.5    0.000e+00
404.6    0.000e+00
404.7    0.000e+00
404.8    0.000e+00
404.9    0.000e+00
405.0    0.000e+00
405.1    0.000e+00
405.2    0.000e+00
405.3    0.000e+00
405.4    0.000e+00
405.5    0.000e+00
405.6    0.000e+00
405.7    0.000e+00
405.8    0.000e+00
405.9    0.000e+00
406.0    0.000e+00
406.1    0.000e+00
406.2    0.000e+00
406.3    0.000e+00
406.4    0.000e+00
406.5    0.000e+00
406.6    0.000e+00
406.7    0.000e+00
406.8    0.000e+00
406.9    0.000e+00
407.0    0.000e+00
407.1    0.000e+00
407.2    0.000e+00
407.3    0.000e+00
407.4    0.000e+00
407.5    0.000e+00
407.6    0.000e+00
407.7    0.000e+00
407.8    0.000e+00
407.9    0.000e+00
408.0    0.000e+00
408.1    0.000e+00
408.2    0.000e+00
408.3    0.000e+00
408.4    0.000e+00
408.5    0.000e+00
408.6    0.000e+00
408.7    0.000e+00
408.8    0.000e+00
408.9    0.000e+00
409.0    0.000e+00
409.1    0.000e+00
409.2    0.000e+00
409.3    0.000e+00
409.4    0.000e+00
409.5    0.000e+00
409.6    0.000e+00
409.7    0.000e+00
409.8    0.000e+00
409.9    0.000e+00
410.0    0.000e+00
410.1    0.000e+00
410.2    0.000e+00
410.3    0.000e+00
410.4    0.000e+00
410.5    0.000e+00
410.6    0.000e+00
410.7    0.000e+00
410.8    0.000e+00
410.9    0.000e+00
411.0    0.000e+00
411.1    0.000e+00
411.2    0.000e+00
411.3    0.000e+00
411.4    0.000e+00
411.5    0.000e+00
411.6    0.000e+00
411.7    0.000e+00
411.8    0.000e+00
411.9    0.000e+00
412.0    0.000e+00
412.1    0.000e+00
412.2    0.000e+00
412.3    0.000e+00
412.4    0.000e+00
412.5    0.000e+00
412.6    0.000e+00
412.7    0.000e+00
412.8    0.000e+00
412.9    0.000e+00
413.0    0.000e+00
413.1    0.000e+00
413.2    0.000e+00
413.3    0.000e+00
413.4    0.000e+00
413.5    0.000e+00
413.6    0.000e+00
413.7    0.000e+00
413.8    0.000e+00
413.9    0.000e+00
414.0    0.000e+00
414.1    0.000e+00
414.2    0.000e+00
414.3    0.000e+00
414.4    0.000e+00
414.5    0.000e+00
414.6    0.000e+00
414.7    0.000e+00
414.8    0.000e+00
414.9    0.000e+00
415.0    0.000e+00
415.1    0.000e+00
415.2    0.000e+00
415.3    0.000e+00
415.4    0.000e+00
415.5    0.000e+00
415.6    0.000e+00
415.7    0.000e+00
415.8    0.000e+00
415.9    0.000e+00
416.0    0.000e+00
416.1    0.000e+00
416.2    0.000e+00
416.3    0.000e+00
416.4    0.000e+00
416.5    0.000e+00
416.6    0.000e+00
416.7    0.000e+00
416.8    0.000e+00
416.9    0.000e+00
417.0    0.000e+00
417.1    0.000e+00
417.2    0.000e+00
417.3    0.000e+00
417.4    0.000e+00
417.5    0.000e+00
417.6    0.000e+00
417.7    0.000e+00
417.8    0.000e+00
417.9    0.000e+00
418.0    0.000e+00
418.1    0.000e+00
418.2    0.000e+00
418.3    0.000e+00
418.4    0.000e+00
418.5    0.000e+00
418.6    0.000e+00
418.7    0.000e+00
418.8    0.000e+00
418.9    0.000e+00
419.0    0.000e+00
419.1    0.000e+00
419.2    0.000e+00
419.3    0.000e+00
419.4    0.000e+00
419.5    0.000e+00
419.6    0.000e+00
419.7    0.000e+00
419.8    0.000e+00
419.9    0.000e+00
420.0    0.000e+00
420.1    0.000e+00
420.2    0.000e+00
420.3    0.000e+00
420.4    0.000e+00
420.5    0.000e+00
420.6    0.000e+00
420.7    0.000e+00
420.8    0.000e+00
420.9    0.000e+00
421.0    0.000e+00
421.1    0.000e+00
421.2    0.000e+00
421.3    0.000e+00
421.4    0.000e+00
421.5    0.000e+00
421.6    0.000e+00
421.7    0.000e+00
421.8    0.000e+00
421.9    0.000e+00
422.0    0.000e+00
422.1    0.000e+00
422.2    0.000e+00
422.3    2.826e-08
422.4    1.784e-07
422.5    3.767e-07
422.6    5.749e-07
422.7    7.732e-07
422.8    9.714e-07
422.9    1.170e-06
423.0    1.368e-06
423.1    1.566e-06
423.2    1.764e-06
423.3    1.963e-06
423.4    2.161e-06
423.5    2.359e-06
423.6    2.557e-06
423.7    2.756e-06
423.8    2.954e-06
423.9    3.152e-06
424.0    3.350e-06
424.1    3.549e-06
424.2    3.747e-06
424.3    3.945e-06
424.4    4.144e-06
424.5    4.342e-06
424.6    4.540e-06
424.7    4.738e-06
424.8    4.937e-06
424.9    5.135e-06
425.0    5.333e-06
425.1    5.531e-06
425.2    5.730e-06
425.3    5.928e-06
425.4    6.126e-06
425.5    6.324e-06
425.6    6.523e-06
425.7    6.721e-06
425.8    6.919e-06
425.9    7.117e-06
426.0    7.316e-06
426.1    7.514e-06
426.2    7.712e-06
426.3    7.910e-06
426.4    8.109e-06
426.5    8.307e-06
426.6    8.505e-06
426.7    8.703e-06
426.8    8.902e-06
426.9    9.100e-06
427.0    9.298e-06
427.1    9.496e-06
427.2    9.695e-06
427.3    9.893e-06
427.4    1.009e-05
427.5    1.029e-05
427.6    1.049e-05
427.7    1.069e-05
427.8    2.251e-05
427.9    1.653e-05
428.0    1.881e-05
428.1    1.778e-05
428.2    1.669e-05
428.3    1.351e-05
428.4    1.238e-05
428.5    1.915e-05
428.6    8.583e-06
428.7    9.649e-06
428.8    1.401e-05
428.9    1.032e-05
429.0    1.002e-05
429.1    1.111e-05
429.2    1.212e-05
429.3    1.143e-05
429.4    7.618e-06
429.5    7.924e-06
429.6    8.252e-06
429.7    7.185e-06
429.8    8.149e-06
429.9    5.580e-06
430.0    5.157e-06
430.1    4.560e-06
430.2    5.035e-06
430.3    2.643e-06
430.4    1.582e-06
430.5    3.469e-06
430.6    1.944e-06
430.7    2.191e-06
430.8    2.116e-06
430.9    3.138e-06
431.0    3.278e-07
431.1    2.198e-06
431.2    0.000e+00
431.3    0.000e+00
431.4    0.000e+00
431.5    0.000e+00
431.6    0.000e+00
431.7    0.000e+00
431.8    0.000e+00
431.9    0.000e+00
432.0    0.000e+00
432.1    0.000e+00
432.2    0.000e+00
432.3    0.000e+00
432.4    0.000e+00
432.5    0.000e+00
432.6    0.000e+00
432.7    0.000e+00
432.8    0.000e+00
432.9    0.000e+00
433.0    0.000e+00
433.1    0.000e+00
433.2    0.000e+00
433.3    0.000e+00
433.4    0.000e+00
433.5    0.000e+00
433.6    0.000e+00
433.7    0.000e+00
433.8    0.000e+00
433.9    0.000e+00
434.0    0.000e+00
434.1    0.000e+00
434.2    0.000e+00
434.3    4.078e-07
434.4    9.754e-07
434.5    1.060e-06
434.6    9.738e-07
434.7    7.093e-07
434.8    2.069e-06
434.9    2.549e-06
435.0    2.926e-06
435.1    3.557e-06
435.2    3.190e-06
435.3    4.174e-06
435.4    4.715e-06
435.5    5.811e-06
435.6    5.881e-06
435.7    6.156e-06
435.8    7.669e-06
435.9    7.863e-06
436.0    8.941e-06
436.1    9.155e-06
436.2    9.772e-06
436.3    1.179e-05
436.4    1.148e-05
436.5    1.255e-05
436.6    1.281e-05
436.7    1.333e-05
436.8    1.427e-05
436.9    1.450e-05
437.0    1.499e-05
437.1    1.496e-05
437.2    1.655e-05
437.3    1.853e-05
437.4    1.892e-05
437.5    1.954e-05
437.6    2.017e-05
437.7    2.217e-05
437.8    2.282e-05
437.9    2.402e-05
438.0    2.598e-05
438.1    2.706e-05
438.2    2.910e-05
438.3    3.000e-05
438.4    3.172e-05
438.5    3.375e-05
438.6    3.554e-05
438.7    3.688e-05
438.8    3.907e-05
438.9    4.120e-05
439.0    4.264e-05
439.1    4.514e-05
439.2    4.610e-05
439.3    4.906e-05
439.4    5.143e-05
439.5    5.444e-05
439.6    5.648e-05
439.7    5.916e-05
439.8    6.128e-05
439.9    6.534e-05
440.0    6.830e-05
440.1    7.023e-05
440.2    7.560e-05
440.3    7.786e-05
440.4    8.091e-05
440.5    8.561e-05
440.6    8.969e-05
440.7    9.338e-05
440.8    9.743e-05
440.9    1.014e-04
441.0    1.059e-04
441.1    1.106e-04
441.2    1.167e-04
441.3    1.213e-04
441.4    1.269e-04
441.5    1.313e-04
441.6    1.378e-04
441.7    1.437e-04
441.8    1.495e-04
441.9    1.561e-04
442.0    1.624e-04
442.1    1.692e-04
442.2    1.758e-04
442.3    1.837e-04
442.4    1.900e-04
442.5    1.971e-04
442.6    2.049e-04
442.7    2.124e-04
442.8    2.202e-04
442.9    2.285e-04
443.0    2.359e-04
443.1    2.443e-04
443.2    2.530e-04
443.3    2.613e-04
443.4    2.699e-04
443.5    2.786e-04
443.6    2.875e-04
443.7    2.973e-04
443.8    3.062e-04
443.9    3.156e-04
444.0    3.264e-04
444.1    3.363e-04
444.2    3.467e-04
444.3    3.573e-04
444.4    3.693e-04
444.5    3.809e-04
444.6    3.934e-04
444.7    4.068e-04
444.8    4.217e-04
444.9    4.370e-04
445.0    4.525e-04
445.1    4.702e-04
445.2    4.903e-04
445.3    5.105e-04
445.4    5.323e-04
445.5    5.556e-04
445.6    5.802e-04
445.7    6.053e-04
445.8    6.299e-04
445.9    6.537e-04
446.0    6.768e-04
446.1    6.947e-04
446.2    7.101e-04
446.3    7.212e-04
446.4    7.263e-04
446.5    7.274e-04
446.6    7.246e-04
446.7    7.190e-04
446.8    7.105e-04
446.9    6.991e-04
447.0    6.852e-04
447.1    6.699e-04
447.2    6.519e-04
447.3    6.336e-04
447.4    6.132e-04
447.5    5.918e-04
447.6    5.693e-04
447.7    5.471e-04
447.8    5.243e-04
447.9    5.022e-04
448.0    4.793e-04
448.1    4.569e-04
448.2    4.344e-04
448.3    4.129e-04
448.4    3.913e-04
448.5    3.711e-04
448.6    3.506e-04
448.7    3.310e-04
448.8    3.122e-04
448.9    2.942e-04
449.0    2.763e-04
449.1    2.595e-04
449.2    2.438e-04
449.3    2.280e-04
449.4    2.144e-04
449.5    1.997e-04
449.6    1.864e-04
449.7    1.737e-04
449.8    1.609e-04
449.9    1.500e-04
450.0    1.391e-04
450.1    1.293e-04
450.2    1.190e-04
450.3    1.106e-04
450.4    1.019e-04
450.5    9.412e-05
450.6    8.630e-05
450.7    7.922e-05
450.8    7.203e-05
450.9    6.604e-05
451.0    6.051e-05
451.1    5.493e-05
451.2    4.966e-05
451.3    4.445e-05
451.4    3.978e-05
451.5    3.583e-05
451.6    3.211e-05
451.7    2.941e-05
451.8    2.592e-05
451.9    2.297e-05
452.0    2.028e-05
452.1    1.797e-05
452.2    1.468e-05
452.3    1.329e-05
452.4    1.107e-05
452.5    9.513e-06
452.6    8.102e-06
452.7    7.440e-06
452.8    5.995e-06
452.9    4.506e-06
453.0    3.888e-06
453.1    2.578e-06
453.2    1.961e-06
453.3    3.884e-07
453.4    3.992e-07
453.5    2.740e-07
453.6    0.000e+00
453.7    0.000e+00
453.8    0.000e+00
453.9    0.000e+00
454.0    0.000e+00
454.1    0.000e+00
454.2    0.000e+00
454.3    0.000e+00
454.4    0.000e+00
454.5    0.000e+00
454.6    0.000e+00
454.7    3.222e-07
454.8    0.000e+00
454.9    0.000e+00
455.0    1.923e-06
455.1    2.559e-06
455.2    4.386e-07
455.3    3.488e-07
455.4    0.000e+00
455.5    8.859e-06
455.6    0.000e+00
455.7    4.994e-06
455.8    3.567e-06
455.9    6.200e-06
456.0    0.000e+00
456.1    7.998e-07
456.2    0.000e+00
456.3    2.623e-06
456.4    0.000e+00
456.5    0.000e+00
456.6    0.000e+00
456.7    0.000e+00
456.8    0.000e+00
456.9    0.000e+00
457.0    0.000e+00
457.1    5.420e-06
457.2    0.000e+00
457.3    6.810e-06
457.4    2.409e-07
457.5    4.299e-07
457.6    0.000e+00
457.7    5.229e-08
457.8    9.830e-06
457.9    0.000e+00
458.0    7.128e-06
458.1    9.665e-06
458.2    6.082e-06
458.3    8.269e-06
458.4    1.363e-05
458.5    1.579e-05
458.6    7.973e-06
458.7    1.405e-05
458.8    1.382e-05
458.9    1.468e-05
459.0    1.984e-05
459.1    2.059e-05
459.2    2.735e-05
459.3    1.996e-05
459.4    2.841e-05
459.5    1.885e-05
459.6    2.823e-05
459.7    3.113e-05
459.8    2.536e-05
459.9    2.753e-05
460.0    3.845e-05
460.1    3.567e-05
460.2    3.831e-05
460.3    4.579e-05
460.4    4.915e-05
460.5    5.139e-05
460.6    5.341e-05
460.7    6.085e-05
460.8    5.039e-05
460.9    4.918e-05
461.0    5.675e-05
461.1    5.927e-05
461.2    6.577e-05
461.3    6.542e-05
461.4    6.781e-05
461.5    6.466e-05
461.6    6.551e-05
461.7    6.202e-05
461.8    7.390e-05
461.9    7.620e-05
462.0    7.379e-05
462.1    8.481e-05
462.2    8.595e-05
462.3    7.874e-05
462.4    8.807e-05
462.5    8.867e-05
462.6    9.259e-05
462.7    1.047e-04
462.8    1.034e-04
462.9    1.033e-04
463.0    1.089e-04
463.1    1.085e-04
463.2    1.125e-04
463.3    1.138e-04
463.4    1.214e-04
463.5    1.365e-04
463.6    1.331e-04
463.7    1.495e-04
463.8    1.466e-04
463.9    1.478e-04
464.0    1.604e-04
464.1    1.588e-04
464.2    1.610e-04
464.3    1.628e-04
464.4    1.823e-04
464.5    1.809e-04
464.6    1.800e-04
464.7    1.935e-04
464.8    2.017e-04
464.9    1.980e-04
465.0    2.070e-04
465.1    2.118e-04
465.2    2.133e-04
465.3    2.203e-04
465.4    2.445e-04
465.5    2.536e-04
465.6    2.451e-04
465.7    2.552e-04
465.8    2.612e-04
465.9    2.745e-04
466.0    2.815e-04
466.1    2.864e-04
466.2    3.123e-04
466.3    3.272e-04
466.4    3.363e-04
466.5    3.389e-04
466.6    3.548e-04
466.7    3.671e-04
466.8    3.786e-04
466.9    3.961e-04
467.0    4.110e-04
467.1    4.212e-04
467.2    4.326e-04
467.3    4.462e-04
467.4    4.665e-04
467.5    4.828e-04
467.6    4.997e-04
467.7    5.150e-04
467.8    5.259e-04
467.9    5.522e-04
468.0    5.773e-04
468.1    6.018e-04
468.2    6.101e-04
468.3    6.288e-04
468.4    6.653e-04
468.5    6.842e-04
468.6    7.089e-04
468.7    7.314e-04
468.8    7.631e-04
468.9    7.972e-04
469.0    8.219e-04
469.1    8.406e-04
469.2    8.866e-04
469.3    9.037e-04
469.4    9.542e-04
469.5    9.867e-04
469.6    1.034e-03
469.7    1.079e-03
469.8    1.114e-03
469.9    1.151e-03
470.0    1.184e-03
470.1    1.232e-03
470.2    1.271e-03
470.3    1.310e-03
470.4    1.358e-03
470.5    1.405e-03
470.6    1.455e-03
470.7    1.507e-03
470.8    1.568e-03
470.9    1.623e-03
471.0    1.677e-03
471.1    1.736e-03
471.2    1.793e-03
471.3    1.865e-03
471.4    1.920e-03
471.5    1.988e-03
471.6    2.052e-03
471.7    2.125e-03
471.8    2.173e-03
471.9    2.245e-03
472.0    2.318e-03
472.1    2.385e-03
472.2    2.457e-03
472.3    2.532e-03
472.4    2.609e-03
472.5    2.674e-03
472.6    2.750e-03
472.7    2.825e-03
472.8    2.909e-03
472.9    2.971e-03
473.0    3.043e-03
473.1    3.121e-03
473.2    3.191e-03
473.3    3.277e-03
473.4    3.346e-03
473.5    3.427e-03
473.6    3.491e-03
473.7    3.576e-03
473.8    3.650e-03
473.9    3.747e-03
474.0    3.830e-03
474.1    3.920e-03
474.2    4.020e-03
474.3    4.132e-03
474.4    4.252e-03
474.5    4.368e-03
474.6    4.501e-03
474.7    4.642e-03
474.8    4.781e-03
474.9    4.948e-03
475.0    5.132e-03
475.1    5.308e-03
475.2    5.496e-03
475.3    5.703e-03
475.4    5.914e-03
475.5    6.148e-03
475.6    6.366e-03
475.7    6.613e-03
475.8    6.892e-03
475.9    7.124e-03
476.0    7.415e-03
476.1    7.694e-03
476.2    7.937e-03
476.3    8.195e-03
476.4    8.433e-03
476.5    8.622e-03
476.6    8.792e-03
476.7    8.897e-03
476.8    8.970e-03
476.9    9.000e-03
477.0    9.000e-03
477.1    8.972e-03
477.2    8.917e-03
477.3    8.835e-03
477.4    8.736e-03
477.5    8.630e-03
477.6    8.494e-03
477.7    8.370e-03
477.8    8.218e-03
477.9    8.065e-03
478.0    7.903e-03
478.1    7.727e-03
478.2    7.541e-03
478.3    7.347e-03
478.4    7.154e-03
478.5    6.953e-03
478.6    6.753e-03
478.7    6.550e-03
478.8    6.340e-03
478.9    6.130e-03
479.0    5.928e-03
479.1    5.707e-03
479.2    5.506e-03
479.3    5.297e-03
479.4    5.083e-03
479.5    4.874e-03
479.6    4.670e-03
479.7    4.484e-03
479.8    4.285e-03
479.9    4.087e-03
480.0    3.895e-03
480.1    3.721e-03
480.2    3.551e-03
480.3    3.367e-03
480.4    3.206e-03
480.5    3.039e-03
480.6    2.907e-03
480.7    2.733e-03
480.8    2.587e-03
480.9    2.440e-03
481.0    2.313e-03
481.1    2.194e-03
481.2    2.071e-03
481.3    1.961e-03
481.4    1.843e-03
481.5    1.737e-03
481.6    1.634e-03
481.7    1.540e-03
481.8    1.452e-03
481.9    1.367e-03
482.0    1.293e-03
482.1    1.211e-03
482.2    1.127e-03
482.3    1.063e-03
482.4    1.004e-03
482.5    9.375e-04
482.6    8.658e-04
482.7    8.053e-04
482.8    7.678e-04
482.9    7.131e-04
483.0    6.685e-04
483.1    6.312e-04
483.2    5.758e-04
483.3    5.215e-04
483.4    4.966e-04
483.5    4.712e-04
483.6    4.218e-04
483.7    3.957e-04
483.8    3.707e-04
483.9    3.598e-04
484.0    3.240e-04
484.1    3.090e-04
484.2    2.787e-04
484.3    2.669e-04
484.4    2.557e-04
484.5    2.465e-04
484.6    2.303e-04
484.7    2.205e-04
484.8    1.997e-04
484.9    1.934e-04
485.0    1.786e-04
485.1    1.411e-04
485.2    1.463e-04
485.3    1.506e-04
485.4    1.265e-04
485.5    1.079e-04
485.6    9.358e-05
485.7    9.380e-05
485.8    8.130e-05
485.9    7.327e-05
486.0    6.435e-05
486.1    7.450e-05
486.2    5.976e-05
486.3    5.751e-05
486.4    3.746e-05
486.5    4.702e-05
486.6    4.695e-05
486.7    3.505e-05
486.8    5.705e-05
486.9    3.771e-05
487.0    3.973e-05
487.1    3.603e-05
487.2    3.808e-05
487.3    4.801e-05
487.4    3.610e-05
487.5    1.645e-05
487.6    2.919e-05
487.7    2.227e-05
487.8    1.606e-05
487.9    5.044e-06
488.0    0.000e+00
488.1    0.000e+00
488.2    0.000e+00
488.3    0.000e+00
488.4    0.000e+00
488.5    2.953e-06
488.6    0.000e+00
488.7    0.000e+00
488.8    0.000e+00
488.9    4.043e-06
489.0    5.483e-06
489.1    1.910e-05
489.2    3.158e-06
489.3    1.804e-05
489.4    0.000e+00
489.5    1.651e-05
489.6    2.865e-05
489.7    2.276e-05
489.8    5.045e-06
489.9    0.000e+00
490.0    4.267e-06
490.1    0.000e+00
490.2    5.956e-06
490.3    2.215e-06
490.4    4.950e-06
490.5    1.445e-06
490.6    0.000e+00
490.7    0.000e+00
490.8    0.000e+00
490.9    0.000e+00
491.0    0.000e+00
491.1    0.000e+00
491.2    9.170e-06
491.3    0.000e+00
491.4    2.995e-05
491.5    3.014e-06
491.6    2.942e-05
491.7    1.118e-05
491.8    1.664e-05
491.9    3.603e-05
492.0    3.000e-05
492.1    4.314e-05
492.2    3.321e-05
492.3    6.216e-05
492.4    3.332e-05
492.5    4.708e-05
492.6    4.254e-05
492.7    5.905e-05
492.8    2.910e-05
492.9    6.256e-05
493.0    4.295e-05
493.1    3.207e-05
493.2    2.450e-05
493.3    2.204e-05
493.4    0.000e+00
493.5    0.000e+00
493.6    1.709e-05
493.7    3.941e-05
493.8    1.675e-05
493.9    4.697e-05
494.0    5.003e-05
494.1    2.445e-05
494.2    3.284e-05
494.3    3.122e-05
494.4    1.855e-05
494.5    1.709e-05
494.6    4.331e-05
494.7    0.000e+00
494.8    0.000e+00
494.9    3.270e-06
495.0    0.000e+00
495.1    1.489e-05
495.2    0.000e+00
495.3    5.217e-05
495.4    4.241e-05
495.5    9.020e-06
495.6    1.449e-05
495.7    3.091e-05
495.8    4.358e-05
495.9    6.401e-06
496.0    3.874e-05
496.1    1.002e-05
496.2    7.521e-06
496.3    1.224e-05
496.4    0.000e+00
496.5    1.673e-06
496.6    0.000e+00
496.7    0.000e+00
496.8    0.000e+00
496.9    0.000e+00
497.0    0.000e+00
497.1    0.000e+00
497.2    0.000e+00
497.3    0.000e+00
497.4    0.000e+00
497.5    0.000e+00
497.6    0.000e+00
497.7    0.000e+00
497.8    0.000e+00
497.9    0.000e+00
498.0    0.000e+00
498.1    0.000e+00
498.2    0.000e+00
498.3    0.000e+00
498.4    0.000e+00
498.5    0.000e+00
498.6    0.000e+00
498.7    0.000e+00
498.8    0.000e+00
498.9    0.000e+00
499.0    0.000e+00
499.1    0.000e+00
499.2    0.000e+00
499.3    0.000e+00
499.4    0.000e+00
499.5    0.000e+00
499.6    0.000e+00
499.7    0.000e+00
499.8    0.000e+00
499.9    0.000e+00
500.0    0.000e+00
500.1    0.000e+00
500.2    0.000e+00
500.3    0.000e+00
500.4    0.000e+00
500.5    0.000e+00
500.6    0.000e+00
500.7    0.000e+00
500.8    0.000e+00
500.9    0.000e+00
501.0    0.000e+00
501.1    0.000e+00
501.2    0.000e+00
501.3    0.000e+00
501.4    0.000e+00
501.5    0.000e+00
501.6    0.000e+00
501.7    0.000e+00
501.8    0.000e+00
501.9    0.000e+00
502.0    0.000e+00
502.1    0.000e+00
502.2    0.000e+00
502.3    0.000e+00
502.4    0.000e+00
502.5    0.000e+00
502.6    0.000e+00
502.7    0.000e+00
502.8    0.000e+00
502.9    0.000e+00
503.0    0.000e+00
503.1    0.000e+00
503.2    0.000e+00
503.3    0.000e+00
503.4    0.000e+00
503.5    0.000e+00
503.6    0.000e+00
503.7    0.000e+00
503.8    0.000e+00
503.9    0.000e+00
504.0    0.000e+00
504.1    0.000e+00
504.2    0.000e+00
504.3    0.000e+00
504.4    0.000e+00
504.5    0.000e+00
504.6    0.000e+00
504.7    0.000e+00
504.8    0.000e+00
504.9    0.000e+00
505.0    0.000e+00
505.1    0.000e+00
505.2    0.000e+00
505.3    0.000e+00
505.4    0.000e+00
505.5    0.000e+00
505.6    0.000e+00
505.7    1.326e-05
505.8    0.000e+00
505.9    6.790e-06
506.0    3.838e-06
506.1    0.000e+00
506.2    0.000e+00
506.3    0.000e+00
506.4    0.000e+00
506.5    0.000e+00
506.6    0.000e+00
506.7    0.000e+00
506.8    0.000e+00
506.9    0.000e+00
507.0    0.000e+00
507.1    0.000e+00
507.2    0.000e+00
507.3    0.000e+00
507.4    0.000e+00
507.5    0.000e+00
507.6    0.000e+00
507.7    0.000e+00
507.8    0.000e+00
507.9    0.000e+00
508.0    0.000e+00
508.1    0.000e+00
508.2    0.000e+00
508.3    0.000e+00
508.4    0.000e+00
508.5    0.000e+00
508.6    0.000e+00
508.7    0.000e+00
508.8    0.000e+00
508.9    0.000e+00
509.0    0.000e+00
509.1    0.000e+00
509.2    0.000e+00
509.3    0.000e+00
509.4    0.000e+00
509.5    0.000e+00
509.6    0.000e+00
509.7    0.000e+00
509.8    0.000e+00
509.9    2.130e-07
510.0    0.000e+00
510.1    0.000e+00
510.2    0.000e+00
510.3    1.074e-06
510.4    0.000e+00
510.5    0.000e+00
510.6    0.000e+00
510.7    3.144e-07
510.8    5.964e-07
510.9    1.019e-06
511.0    1.516e-06
511.1    0.000e+00
511.2    1.131e-06
511.3    0.000e+00
511.4    0.000e+00
511.5    0.000e+00
511.6    0.000e+00
511.7    0.000e+00
511.8    6.590e-07
511.9    6.855e-08
512.0    1.418e-06
512.1    1.488e-06
512.2    1.755e-06
512.3    2.413e-06
512.4    1.913e-06
512.5    2.719e-06
512.6    2.331e-06
512.7    1.987e-06
512.8    2.267e-06
512.9    1.398e-06
513.0    2.817e-06
513.1    3.591e-06
513.2    4.359e-06
513.3    4.214e-06
513.4    3.574e-06
513.5    5.385e-06
513.6    3.947e-06
513.7    4.460e-06
513.8    4.799e-06
513.9    5.550e-06
514.0    6.655e-06
514.1    6.039e-06
514.2    6.785e-06
514.3    8.997e-06
514.4    7.624e-06
514.5    8.024e-06
514.6    9.909e-06
514.7    8.858e-06
514.8    8.410e-06
514.9    1.032e-05
515.0    9.685e-06
515.1    1.043e-05
515.2    1.096e-05
515.3    1.167e-05
515.4    1.309e-05
515.5    1.247e-05
515.6    1.438e-05
515.7    1.508e-05
515.8    1.694e-05
515.9    1.605e-05
516.0    1.800e-05
516.1    1.810e-05
516.2    1.858e-05
516.3    2.022e-05
516.4    1.988e-05
516.5    2.185e-05
516.6    2.337e-05
516.7    2.525e-05
516.8    2.408e-05
516.9    2.568e-05
517.0    2.783e-05
517.1    2.689e-05
517.2    2.911e-05
517.3    3.041e-05
517.4    3.209e-05
517.5    3.321e-05
517.6    3.441e-05
517.7    3.536e-05
517.8    3.722e-05
517.9    3.923e-05
518.0    3.885e-05
518.1    4.250e-05
518.2    4.265e-05
518.3    4.513e-05
518.4    4.624e-05
518.5    4.808e-05
518.6    5.094e-05
518.7    5.323e-05
518.8    5.371e-05
518.9    5.475e-05
519.0    5.881e-05
519.1    5.948e-05
519.2    6.244e-05
519.3    6.499e-05
519.4    6.815e-05
519.5    6.869e-05
519.6    7.141e-05
519.7    7.464e-05
519.8    7.664e-05
519.9    8.032e-05
520.0    8.344e-05
520.1    8.505e-05
520.2    8.867e-05
520.3    9.352e-05
520.4    9.585e-05
520.5    9.904e-05
520.6    1.031e-04
520.7    1.062e-04
520.8    1.106e-04
520.9    1.147e-04
521.0    1.184e-04
521.1    1.221e-04
521.2    1.267e-04
521.3    1.301e-04
521.4    1.354e-04
521.5    1.409e-04
521.6    1.435e-04
521.7    1.501e-04
521.8    1.548e-04
521.9    1.601e-04
522.0    1.656e-04
522.1    1.709e-04
522.2    1.780e-04
522.3    1.832e-04
522.4    1.896e-04
522.5    1.946e-04
522.6    2.022e-04
522.7    2.078e-04
522.8    2.151e-04
522.9    2.241e-04
523.0    2.289e-04
523.1    2.364e-04
523.2    2.445e-04
523.3    2.544e-04
523.4    2.614e-04
523.5    2.698e-04
523.6    2.777e-04
523.7    2.866e-04
523.8    2.966e-04
523.9    3.055e-04
524.0    3.155e-04
524.1    3.256e-04
524.2    3.361e-04
524.3    3.471e-04
524.4    3.563e-04
524.5    3.691e-04
524.6    3.781e-04
524.7    3.905e-04
524.8    4.019e-04
524.9    4.144e-04
525.0    4.262e-04
525.1    4.381e-04
525.2    4.506e-04
525.3    4.629e-04
525.4    4.778e-04
525.5    4.907e-04
525.6    5.045e-04
525.7    5.185e-04
525.8    5.324e-04
525.9    5.488e-04
526.0    5.628e-04
526.1    5.775e-04
526.2    5.936e-04
526.3    6.076e-04
526.4    6.229e-04
526.5    6.400e-04
526.6    6.550e-04
526.7    6.721e-04
526.8    6.883e-04
526.9    7.053e-04
527.0    7.228e-04
527.1    7.403e-04
527.2    7.584e-04
527.3    7.755e-04
527.4    7.934e-04
527.5    8.088e-04
527.6    8.268e-04
527.7    8.445e-04
527.8    8.614e-04
527.9    8.795e-04
528.0    9.008e-04
528.1    9.187e-04
528.2    9.360e-04
528.3    9.550e-04
528.4    9.728e-04
528.5    9.921e-04
528.6    1.009e-03
528.7    1.026e-03
528.8    1.046e-03
528.9    1.063e-03
529.0    1.082e-03
529.1    1.101e-03
529.2    1.120e-03
529.3    1.138e-03
529.4    1.154e-03
529.5    1.169e-03
529.6    1.186e-03
529.7    1.203e-03
529.8    1.224e-03
529.9    1.236e-03
530.0    1.255e-03
530.1    1.271e-03
530.2    1.283e-03
530.3    1.300e-03
530.4    1.313e-03
530.5    1.327e-03
530.6    1.342e-03
530.7    1.354e-03
530.8    1.366e-03
530.9    1.381e-03
531.0    1.392e-03
531.1    1.406e-03
531.2    1.412e-03
531.3    1.425e-03
531.4    1.432e-03
531.5    1.443e-03
531.6    1.453e-03
531.7    1.461e-03
531.8    1.469e-03
531.9    1.476e-03
532.0    1.481e-03
532.1    1.488e-03
532.2    1.493e-03
532.3    1.497e-03
532.4    1.503e-03
532.5    1.506e-03
532.6    1.508e-03
532.7    1.507e-03
532.8    1.507e-03
532.9    1.505e-03
533.0    1.503e-03
533.1    1.497e-03
533.2    1.491e-03
533.3    1.479e-03
533.4    1.470e-03
533.5    1.456e-03
533.6    1.440e-03
533.7    1.418e-03
533.8    1.398e-03
533.9    1.371e-03
534.0    1.341e-03
534.1    1.309e-03
534.2    1.277e-03
534.3    1.240e-03
534.4    1.198e-03
534.5    1.158e-03
534.6    1.119e-03
534.7    1.076e-03
534.8    1.035e-03
534.9    9.963e-04
535.0    9.551e-04
535.1    9.158e-04
535.2    8.769e-04
535.3    8.396e-04
535.4    8.060e-04
535.5    7.687e-04
535.6    7.349e-04
535.7    7.043e-04
535.8    6.732e-04
535.9    6.444e-04
536.0    6.146e-04
536.1    5.874e-04
536.2    5.623e-04
536.3    5.372e-04
536.4    5.145e-04
536.5    4.907e-04
536.6    4.689e-04
536.7    4.485e-04
536.8    4.299e-04
536.9    4.107e-04
537.0    3.922e-04
537.1    3.733e-04
537.2    3.568e-04
537.3    3.418e-04
537.4    3.256e-04
537.5    3.125e-04
537.6    2.987e-04
537.7    2.843e-04
537.8    2.721e-04
537.9    2.597e-04
538.0    2.492e-04
538.1    2.376e-04
538.2    2.246e-04
538.3    2.138e-04
538.4    2.071e-04
538.5    1.923e-04
538.6    1.837e-04
538.7    1.745e-04
538.8    1.686e-04
538.9    1.592e-04
539.0    1.496e-04
539.1    1.436e-04
539.2    1.354e-04
539.3    1.284e-04
539.4    1.219e-04
539.5    1.141e-04
539.6    1.077e-04
539.7    1.013e-04
539.8    9.523e-05
539.9    9.014e-05
540.0    8.584e-05
540.1    7.995e-05
540.2    7.581e-05
540.3    7.097e-05
540.4    6.318e-05
540.5    6.131e-05
540.6    5.567e-05
540.7    5.410e-05
540.8    5.034e-05
540.9    4.584e-05
541.0    4.226e-05
541.1    4.151e-05
541.2    3.622e-05
541.3    3.435e-05
541.4    3.260e-05
541.5    2.838e-05
541.6    2.715e-05
541.7    2.272e-05
541.8    2.333e-05
541.9    1.890e-05
542.0    1.590e-05
542.1    1.690e-05
542.2    1.444e-05
542.3    1.297e-05
542.4    1.285e-05
542.5    7.775e-06
542.6    1.056e-05
542.7    7.385e-06
542.8    6.395e-06
542.9    6.169e-06
543.0    6.429e-06
543.1    4.628e-06
543.2    2.532e-06
543.3    1.920e-06
543.4    2.515e-06
543.5    3.107e-07
543.6    2.357e-06
543.7    0.000e+00
543.8    2.135e-06
543.9    0.000e+00
544.0    1.128e-07
544.1    0.000e+00
544.2    7.740e-07
544.3    0.000e+00
544.4    0.000e+00
544.5    0.000e+00
544.6    0.000e+00
544.7    1.177e-07
544.8    0.000e+00
544.9    0.000e+00
545.0    0.000e+00
545.1    0.000e+00
545.2    2.712e-07
545.3    3.246e-07
545.4    6.074e-07
545.5    9.766e-07
545.6    0.000e+00
545.7    8.918e-07
545.8    1.097e-06
545.9    2.878e-06
546.0    1.738e-06
546.1    3.231e-06
546.2    3.709e-06
546.3    2.872e-06
546.4    5.608e-06
546.5    5.850e-06
546.6    5.091e-06
546.7    4.899e-06
546.8    6.395e-06
546.9    6.355e-06
547.0    5.152e-06
547.1    6.485e-06
547.2    8.448e-06
547.3    7.391e-06
547.4    9.050e-06
547.5    8.323e-06
547.6    1.107e-05
547.7    1.073e-05
547.8    1.222e-05
547.9    1.310e-05
548.0    1.151e-05
548.1    1.627e-05
548.2    1.561e-05
548.3    1.736e-05
548.4    1.860e-05
548.5    1.828e-05
548.6    1.646e-05
548.7    2.244e-05
548.8    2.844e-05
548.9    2.942e-05
549.0    2.815e-05
549.1    2.744e-05
549.2    3.466e-05
549.3    2.817e-05
549.4    3.579e-05
549.5    3.867e-05
549.6    3.091e-05
549.7    3.642e-05
549.8    3.728e-05
549.9    3.822e-05
550.0    4.038e-05
550.1    4.335e-05
550.2    4.412e-05
550.3    4.842e-05
550.4    5.428e-05
550.5    5.467e-05
550.6    5.252e-05
550.7    6.577e-05
550.8    7.066e-05
550.9    6.524e-05
551.0    7.319e-05
551.1    7.979e-05
551.2    8.021e-05
551.3    9.294e-05
551.4    8.752e-05
551.5    1.004e-04
551.6    8.416e-05
551.7    9.908e-05
551.8    1.047e-04
551.9    9.198e-05
552.0    9.594e-05
552.1    1.022e-04
552.2    9.805e-05
552.3    1.043e-04
552.4    1.152e-04
552.5    1.152e-04
552.6    1.255e-04
552.7    1.278e-04
552.8    1.338e-04
552.9    1.335e-04
553.0    1.466e-04
553.1    1.438e-04
553.2    1.543e-04
553.3    1.632e-04
553.4    1.615e-04
553.5    1.743e-04
553.6    1.702e-04
553.7    1.893e-04
553.8    1.859e-04
553.9    1.986e-04
554.0    1.866e-04
554.1    1.993e-04
554.2    2.072e-04
554.3    2.135e-04
554.4    2.297e-04
554.5    2.303e-04
554.6    2.307e-04
554.7    2.393e-04
554.8    2.491e-04
554.9    2.504e-04
555.0    2.647e-04
555.1    2.639e-04
555.2    2.648e-04
555.3    2.790e-04
555.4    2.798e-04
555.5    2.968e-04
555.6    3.015e-04
555.7    3.034e-04
555.8    3.099e-04
555.9    3.207e-04
556.0    3.340e-04
556.1    3.413e-04
556.2    3.512e-04
556.3    3.501e-04
556.4    3.621e-04
556.5    3.688e-04
556.6    3.777e-04
556.7    3.800e-04
556.8    3.928e-04
556.9    3.895e-04
557.0    4.162e-04
557.1    4.204e-04
557.2    4.304e-04
557.3    4.502e-04
557.4    4.619e-04
557.5    4.692e-04
557.6    4.760e-04
557.7    4.910e-04
557.8    4.984e-04
557.9    5.020e-04
558.0    5.164e-04
558.1    5.292e-04
558.2    5.442e-04
558.3    5.572e-04
558.4    5.647e-04
558.5    5.792e-04
558.6    5.890e-04
558.7    6.124e-04
558.8    6.288e-04
558.9    6.296e-04
559.0    6.466e-04
559.1    6.707e-04
559.2    6.748e-04
559.3    6.899e-04
559.4    6.942e-04
559.5    7.073e-04
559.6    7.341e-04
559.7    7.421e-04
559.8    7.632e-04
559.9    7.685e-04
560.0    7.854e-04
560.1    8.022e-04
560.2    8.058e-04
560.3    8.301e-04
560.4    8.477e-04
560.5    8.679e-04
560.6    8.932e-04
560.7    9.040e-04
560.8    9.152e-04
560.9    9.434e-04
561.0    9.697e-04
561.1    9.899e-04
561.2    1.011e-03
561.3    1.023e-03
561.4    1.040e-03
561.5    1.066e-03
561.6    1.079e-03
561.7    1.109e-03
561.8    1.143e-03
561.9    1.161e-03
562.0    1.188e-03
562.1    1.209e-03
562.2    1.241e-03
562.3    1.263e-03
562.4    1.292e-03
562.5    1.325e-03
562.6    1.345e-03
562.7    1.379e-03
562.8    1.416e-03
562.9    1.433e-03
563.0    1.461e-03
563.1    1.490e-03
563.2    1.529e-03
563.3    1.560e-03
563.4    1.608e-03
563.5    1.632e-03
563.6    1.670e-03
563.7    1.709e-03
563.8    1.739e-03
563.9    1.785e-03
564.0    1.825e-03
564.1    1.857e-03
564.2    1.911e-03
564.3    1.955e-03
564.4    1.998e-03
564.5    2.032e-03
564.6    2.076e-03
564.7    2.123e-03
564.8    2.163e-03
564.9    2.221e-03
565.0    2.265e-03
565.1    2.329e-03
565.2    2.370e-03
565.3    2.430e-03
565.4    2.477e-03
565.5    2.530e-03
565.6    2.594e-03
565.7    2.656e-03
565.8    2.716e-03
565.9    2.771e-03
566.0    2.834e-03
566.1    2.908e-03
566.2    2.987e-03
566.3    3.039e-03
566.4    3.098e-03
566.5    3.177e-03
566.6    3.240e-03
566.7    3.325e-03
566.8    3.396e-03
566.9    3.475e-03
567.0    3.566e-03
567.1    3.640e-03
567.2    3.717e-03
567.3    3.801e-03
567.4    3.892e-03
567.5    3.955e-03
567.6    4.074e-03
567.7    4.148e-03
567.8    4.251e-03
567.9    4.336e-03
568.0    4.440e-03
568.1    4.536e-03
568.2    4.628e-03
568.3    4.734e-03
568.4    4.831e-03
568.5    4.935e-03
568.6    5.030e-03
568.7    5.150e-03
568.8    5.265e-03
568.9    5.369e-03
569.0    5.480e-03
569.1    5.602e-03
569.2    5.719e-03
569.3    5.828e-03
569.4    5.967e-03
569.5    6.065e-03
569.6    6.201e-03
569.7    6.330e-03
569.8    6.467e-03
569.9    6.573e-03
570.0    6.708e-03
570.1    6.853e-03
570.2    6.976e-03
570.3    7.106e-03
570.4    7.249e-03
570.5    7.370e-03
570.6    7.520e-03
570.7    7.667e-03
570.8    7.803e-03
570.9    7.944e-03
571.0    8.088e-03
571.1    8.224e-03
571.2    8.384e-03
571.3    8.524e-03
571.4    8.668e-03
571.5    8.816e-03
571.6    8.956e-03
571.7    9.103e-03
571.8    9.241e-03
571.9    9.393e-03
572.0    9.531e-03
572.1    9.678e-03
572.2    9.824e-03
572.3    9.962e-03
572.4    1.011e-02
572.5    1.028e-02
572.6    1.042e-02
572.7    1.058e-02
572.8    1.073e-02
572.9    1.088e-02
573.0    1.102e-02
573.1    1.116e-02
573.2    1.129e-02
573.3    1.145e-02
573.4    1.161e-02
573.5    1.174e-02
573.6    1.186e-02
573.7    1.203e-02
573.8    1.214e-02
573.9    1.229e-02
574.0    1.242e-02
574.1    1.254e-02
574.2    1.266e-02
574.3    1.279e-02
574.4    1.293e-02
574.5    1.304e-02
574.6    1.314e-02
574.7    1.328e-02
574.8    1.338e-02
574.9    1.350e-02
575.0    1.361e-02
575.1    1.371e-02
575.2    1.381e-02
575.3    1.391e-02
575.4    1.402e-02
575.5    1.409e-02
575.6    1.419e-02
575.7    1.427e-02
575.8    1.434e-02
575.9    1.442e-02
576.0    1.451e-02
576.1    1.457e-02
576.2    1.465e-02
576.3    1.472e-02
576.4    1.478e-02
576.5    1.483e-02
576.6    1.489e-02
576.7    1.495e-02
576.8    1.500e-02
576.9    1.505e-02
577.0    1.509e-02
577.1    1.512e-02
577.2    1.515e-02
577.3    1.519e-02
577.4    1.520e-02
577.5    1.523e-02
577.6    1.522e-02
577.7    1.522e-02
577.8    1.521e-02
577.9    1.520e-02
578.0    1.516e-02
578.1    1.507e-02
578.2    1.503e-02
578.3    1.497e-02
578.4    1.488e-02
578.5    1.475e-02
578.6    1.463e-02
578.7    1.450e-02
578.8    1.435e-02
578.9    1.413e-02
579.0    1.392e-02
579.1    1.374e-02
579.2    1.347e-02
579.3    1.325e-02
579.4    1.298e-02
579.5    1.272e-02
579.6    1.242e-02
579.7    1.210e-02
579.8    1.178e-02
579.9    1.148e-02
580.0    1.116e-02
580.1    1.083e-02
580.2    1.054e-02
580.3    1.020e-02
580.4    9.940e-03
580.5    9.612e-03
580.6    9.309e-03
580.7    9.025e-03
580.8    8.722e-03
580.9    8.456e-03
581.0    8.203e-03
581.1    7.938e-03
581.2    7.698e-03
581.3    7.459e-03
581.4    7.207e-03
581.5    7.016e-03
581.6    6.792e-03
581.7    6.576e-03
581.8    6.362e-03
581.9    6.159e-03
582.0    5.966e-03
582.1    5.753e-03
582.2    5.557e-03
582.3    5.393e-03
582.4    5.216e-03
582.5    5.024e-03
582.6    4.877e-03
582.7    4.727e-03
582.8    4.560e-03
582.9    4.423e-03
583.0    4.256e-03
583.1    4.118e-03
583.2    3.988e-03
583.3    3.867e-03
583.4    3.736e-03
583.5    3.620e-03
583.6    3.494e-03
583.7    3.377e-03
583.8    3.272e-03
583.9    3.149e-03
584.0    3.043e-03
584.1    2.954e-03
584.2    2.862e-03
584.3    2.756e-03
584.4    2.663e-03
584.5    2.565e-03
584.6    2.486e-03
584.7    2.395e-03
584.8    2.313e-03
584.9    2.233e-03
585.0    2.154e-03
585.1    2.078e-03
585.2    1.999e-03
585.3    1.915e-03
585.4    1.870e-03
585.5    1.798e-03
585.6    1.742e-03
585.7    1.664e-03
585.8    1.615e-03
585.9    1.554e-03
586.0    1.491e-03
586.1    1.437e-03
586.2    1.368e-03
586.3    1.325e-03
586.4    1.281e-03
586.5    1.225e-03
586.6    1.179e-03
586.7    1.131e-03
586.8    1.099e-03
586.9    1.046e-03
587.0    9.959e-04
587.1    9.778e-04
587.2    9.236e-04
587.3    8.858e-04
587.4    8.488e-04
587.5    8.151e-04
587.6    7.709e-04
587.7    7.464e-04
587.8    7.174e-04
587.9    6.784e-04
588.0    6.415e-04
588.1    6.151e-04
588.2    5.830e-04
588.3    5.442e-04
588.4    5.359e-04
588.5    4.952e-04
588.6    4.623e-04
588.7    4.720e-04
588.8    4.465e-04
588.9    4.190e-04
589.0    3.945e-04
589.1    3.983e-04
589.2    3.733e-04
589.3    3.521e-04
589.4    3.312e-04
589.5    3.168e-04
589.6    2.869e-04
589.7    2.648e-04
589.8    2.550e-04
589.9    2.431e-04
590.0    2.342e-04
590.1    2.274e-04
590.2    2.116e-04
590.3    2.064e-04
590.4    1.896e-04
590.5    1.685e-04
590.6    1.522e-04
590.7    1.394e-04
590.8    1.278e-04
590.9    1.128e-04
591.0    1.162e-04
591.1    1.202e-04
591.2    1.090e-04
591.3    9.189e-05
591.4    9.407e-05
591.5    8.481e-05
591.6    8.436e-05
591.7    7.715e-05
591.8    6.512e-05
591.9    5.031e-05
592.0    5.459e-05
592.1    6.133e-05
592.2    5.206e-05
592.3    5.444e-05
592.4    4.404e-05
592.5    3.266e-05
592.6    3.238e-05
592.7    3.098e-05
592.8    1.962e-05
592.9    2.371e-05
593.0    1.147e-05
593.1    5.794e-07
593.2    6.798e-06
593.3    0.000e+00
593.4    9.039e-07
593.5    0.000e+00
593.6    1.213e-07
593.7    0.000e+00
593.8    2.674e-06
593.9    0.000e+00
594.0    0.000e+00
594.1    0.000e+00
594.2    0.000e+00
594.3    1.839e-05
594.4    1.324e-05
594.5    7.987e-06
594.6    5.150e-06
594.7    1.786e-05
594.8    1.086e-05
594.9    0.000e+00
595.0    5.426e-06
595.1    4.853e-06
595.2    2.593e-06
595.3    0.000e+00
595.4    0.000e+00
595.5    0.000e+00
595.6    3.695e-06
595.7    8.771e-08
595.8    0.000e+00
595.9    1.076e-06
596.0    1.300e-05
596.1    2.761e-06
596.2    0.000e+00
596.3    8.274e-06
596.4    7.230e-06
596.5    3.899e-06
596.6    0.000e+00
596.7    0.000e+00
596.8    1.012e-05
596.9    0.000e+00
597.0    4.154e-06
597.1    2.193e-05
597.2    3.608e-05
597.3    3.456e-05
597.4    1.439e-05
597.5    2.409e-05
597.6    2.050e-05
597.7    1.487e-05
597.8    2.158e-05
597.9    3.047e-05
598.0    3.672e-05
598.1    3.777e-05
598.2    5.190e-05
598.3    5.762e-05
598.4    4.053e-05
598.5    3.974e-05
598.6    3.853e-05
598.7    5.036e-05
598.8    3.589e-05
598.9    5.178e-05
599.0    4.568e-05
599.1    5.679e-05
599.2    4.938e-05
599.3    7.159e-05
599.4    6.614e-05
599.5    7.900e-05
599.6    7.494e-05
599.7    9.390e-05
599.8    8.914e-05
599.9    8.803e-05
600.0    0.000e+00
600.1    0.000e+00
600.2    0.000e+00
600.3    0.000e+00
600.4    0.000e+00
600.5    0.000e+00
600.6    0.000e+00
600.7    0.000e+00
600.8    0.000e+00
600.9    0.000e+00
601.0    4.070e-06
601.1    1.107e-05
601.2    2.055e-05
601.3    2.983e-05
601.4    3.743e-05
601.5    4.236e-05
601.6    5.070e-05
601.7    5.606e-05
601.8    6.023e-05
601.9    6.285e-05
602.0    6.540e-05
602.1    6.669e-05
602.2    7.054e-05
602.3    7.528e-05
602.4    7.940e-05
602.5    8.628e-05
602.6    9.104e-05
602.7    9.336e-05
602.8    9.672e-05
602.9    9.902e-05
603.0    1.002e-04
603.1    1.021e-04
603.2    1.045e-04
603.3    1.057e-04
603.4    1.069e-04
603.5    1.079e-04
603.6    1.091e-04
603.7    1.090e-04
603.8    1.127e-04
603.9    1.161e-04
604.0    1.197e-04
604.1    1.231e-04
604.2    1.247e-04
604.3    1.253e-04
604.4    1.279e-04
604.5    1.332e-04
604.6    1.364e-04
604.7    1.396e-04
604.8    1.429e-04
604.9    1.443e-04
605.0    1.486e-04
605.1    1.493e-04
605.2    1.516e-04
605.3    1.534e-04
605.4    1.555e-04
605.5    1.571e-04
605.6    1.576e-04
605.7    1.569e-04
605.8    1.584e-04
605.9    1.613e-04
606.0    1.656e-04
606.1    1.723e-04
606.2    1.800e-04
606.3    1.868e-04
606.4    1.940e-04
606.5    2.002e-04
606.6    2.083e-04
606.7    2.155e-04
606.8    2.258e-04
606.9    2.345e-04
607.0    2.416e-04
607.1    2.479e-04
607.2    2.518e-04
607.3    2.541e-04
607.4    2.576e-04
607.5    2.612e-04
607.6    2.638e-04
607.7    2.690e-04
607.8    2.769e-04
607.9    2.813e-04
608.0    2.864e-04
608.1    2.925e-04
608.2    2.981e-04
608.3    3.055e-04
608.4    3.137e-04
608.5    3.215e-04
608.6    3.295e-04
608.7    3.359e-04
608.8    3.430e-04
608.9    3.513e-04
609.0    3.606e-04
609.1    3.714e-04
609.2    3.817e-04
609.3    3.922e-04
609.4    4.029e-04
609.5    4.110e-04
609.6    4.202e-04
609.7    4.275e-04
609.8    4.333e-04
609.9    4.403e-04
610.0    4.473e-04
610.1    4.535e-04
610.2    4.587e-04
610.3    4.630e-04
610.4    4.695e-04
610.5    4.765e-04
610.6    4.840e-04
610.7    4.909e-04
610.8    4.969e-04
610.9    5.041e-04
611.0    5.113e-04
611.1    5.191e-04
611.2    5.273e-04
611.3    5.367e-04
611.4    5.474e-04
611.5    5.580e-04
611.6    5.690e-04
611.7    5.800e-04
611.8    5.909e-04
611.9    6.012e-04
612.0    6.121e-04
612.1    6.216e-04
612.2    6.316e-04
612.3    6.416e-04
612.4    6.516e-04
612.5    6.626e-04
612.6    6.732e-04
612.7    6.838e-04
612.8    6.935e-04
612.9    7.061e-04
613.0    7.192e-04
613.1    7.326e-04
613.2    7.471e-04
613.3    7.608e-04
613.4    7.742e-04
613.5    7.873e-04
613.6    7.997e-04
613.7    8.114e-04
613.8    8.243e-04
613.9    8.380e-04
614.0    8.508e-04
614.1    8.654e-04
614.2    8.792e-04
614.3    8.944e-04
614.4    9.088e-04
614.5    9.273e-04
614.6    9.462e-04
614.7    9.656e-04
614.8    9.852e-04
614.9    1.004e-03
615.0    1.023e-03
615.1    1.044e-03
615.2    1.062e-03
615.3    1.080e-03
615.4    1.100e-03
615.5    1.118e-03
615.6    1.137e-03
615.7    1.158e-03
615.8    1.178e-03
615.9    1.199e-03
616.0    1.220e-03
616.1    1.243e-03
616.2    1.265e-03
616.3    1.289e-03
616.4    1.312e-03
616.5    1.335e-03
616.6    1.360e-03
616.7    1.384e-03
616.8    1.407e-03
616.9    1.432e-03
617.0    1.459e-03
617.1    1.486e-03
617.2    1.514e-03
617.3    1.545e-03
617.4    1.577e-03
617.5    1.607e-03
617.6    1.639e-03
617.7    1.671e-03
617.8    1.705e-03
617.9    1.737e-03
618.0    1.771e-03
618.1    1.804e-03
618.2    1.838e-03
618.3    1.871e-03
618.4    1.904e-03
618.5    1.937e-03
618.6    1.972e-03
618.7    2.008e-03
618.8    2.045e-03
618.9    2.084e-03
619.0    2.124e-03
619.1    2.164e-03
619.2    2.205e-03
619.3    2.247e-03
619.4    2.292e-03
619.5    2.337e-03
619.6    2.382e-03
619.7    2.429e-03
619.8    2.475e-03
619.9    2.523e-03
620.0    2.571e-03
620.1    2.620e-03
620.2    2.671e-03
620.3    2.723e-03
620.4    2.775e-03
620.5    2.829e-03
620.6    2.885e-03
620.7    2.941e-03
620.8    2.997e-03
620.9    3.053e-03
621.0    3.112e-03
621.1    3.173e-03
621.2    3.233e-03
621.3    3.296e-03
621.4    3.360e-03
621.5    3.424e-03
621.6    3.490e-03
621.7    3.555e-03
621.8    3.623e-03
621.9    3.691e-03
622.0    3.760e-03
622.1    3.831e-03
622.2    3.902e-03
622.3    3.973e-03
622.4    4.044e-03
622.5    4.117e-03
622.6    4.192e-03
622.7    4.268e-03
622.8    4.344e-03
622.9    4.423e-03
623.0    4.500e-03
623.1    4.580e-03
623.2    4.663e-03
623.3    4.748e-03
623.4    4.834e-03
623.5    4.923e-03
623.6    5.012e-03
623.7    5.102e-03
623.8    5.193e-03
623.9    5.285e-03
624.0    5.377e-03
624.1    5.469e-03
624.2    5.560e-03
624.3    5.650e-03
624.4    5.741e-03
624.5    5.832e-03
624.6    5.920e-03
624.7    6.010e-03
624.8    6.100e-03
624.9    6.186e-03
625.0    6.272e-03
625.1    6.358e-03
625.2    6.444e-03
625.3    6.531e-03
625.4    6.617e-03
625.5    6.704e-03
625.6    6.792e-03
625.7    6.879e-03
625.8    6.967e-03
625.9    7.054e-03
626.0    7.141e-03
626.1    7.227e-03
626.2    7.310e-03
626.3    7.391e-03
626.4    7.471e-03
626.5    7.548e-03
626.6    7.626e-03
626.7    7.700e-03
626.8    7.773e-03
626.9    7.845e-03
627.0    7.916e-03
627.1    7.985e-03
627.2    8.052e-03
627.3    8.118e-03
627.4    8.182e-03
627.5    8.245e-03
627.6    8.307e-03
627.7    8.367e-03
627.8    8.426e-03
627.9    8.483e-03
628.0    8.538e-03
628.1    8.591e-03
628.2    8.643e-03
628.3    8.693e-03
628.4    8.741e-03
628.5    8.787e-03
628.6    8.830e-03
628.7    8.871e-03
628.8    8.910e-03
628.9    8.947e-03
629.0    8.981e-03
629.1    9.013e-03
629.2    9.041e-03
629.3    9.067e-03
629.4    9.090e-03
629.5    9.111e-03
629.6    9.128e-03
629.7    9.143e-03
629.8    9.154e-03
629.9    9.163e-03
630.0    9.168e-03
630.1    9.170e-03
630.2    9.170e-03
630.3    9.166e-03
630.4    9.160e-03
630.5    9.151e-03
630.6    9.138e-03
630.7    9.123e-03
630.8    9.105e-03
630.9    9.084e-03
631.0    9.061e-03
631.1    9.035e-03
631.2    9.007e-03
631.3    8.975e-03
631.4    8.941e-03
631.5    8.904e-03
631.6    8.865e-03
631.7    8.824e-03
631.8    8.780e-03
631.9    8.733e-03
632.0    8.685e-03
632.1    8.633e-03
632.2    8.579e-03
632.3    8.523e-03
632.4    8.464e-03
632.5    8.402e-03
632.6    8.336e-03
632.7    8.268e-03
632.8    8.199e-03
632.9    8.130e-03
633.0    8.061e-03
633.1    7.989e-03
633.2    7.917e-03
633.3    7.843e-03
633.4    7.767e-03
633.5    7.690e-03
633.6    7.612e-03
633.7    7.530e-03
633.8    7.443e-03
633.9    7.351e-03
634.0    7.251e-03
634.1    7.144e-03
634.2    7.030e-03
634.3    6.913e-03
634.4    6.792e-03
634.5    6.667e-03
634.6    6.540e-03
634.7    6.412e-03
634.8    6.283e-03
634.9    6.156e-03
635.0    6.031e-03
635.1    5.911e-03
635.2    5.792e-03
635.3    5.676e-03
635.4    5.564e-03
635.5    5.453e-03
635.6    5.347e-03
635.7    5.243e-03
635.8    5.142e-03
635.9    5.042e-03
636.0    4.943e-03
636.1    4.847e-03
636.2    4.750e-03
636.3    4.655e-03
636.4    4.559e-03
636.5    4.465e-03
636.6    4.370e-03
636.7    4.276e-03
636.8    4.182e-03
636.9    4.089e-03
637.0    3.999e-03
637.1    3.911e-03
637.2    3.826e-03
637.3    3.743e-03
637.4    3.661e-03
637.5    3.581e-03
637.6    3.502e-03
637.7    3.423e-03
637.8    3.345e-03
637.9    3.268e-03
638.0    3.193e-03
638.1    3.119e-03
638.2    3.046e-03
638.3    2.973e-03
638.4    2.902e-03
638.5    2.832e-03
638.6    2.764e-03
638.7    2.696e-03
638.8    2.629e-03
638.9    2.562e-03
639.0    2.496e-03
639.1    2.432e-03
639.2    2.369e-03
639.3    2.307e-03
639.4    2.246e-03
639.5    2.187e-03
639.6    2.129e-03
639.7    2.072e-03
639.8    2.016e-03
639.9    1.960e-03
640.0    1.906e-03
640.1    1.850e-03
640.2    1.796e-03
640.3    1.742e-03
640.4    1.689e-03
640.5    1.638e-03
640.6    1.588e-03
640.7    1.539e-03
640.8    1.491e-03
640.9    1.445e-03
641.0    1.402e-03
641.1    1.358e-03
641.2    1.316e-03
641.3    1.276e-03
641.4    1.235e-03
641.5    1.196e-03
641.6    1.156e-03
641.7    1.116e-03
641.8    1.077e-03
641.9    1.040e-03
642.0    1.004e-03
642.1    9.676e-04
642.2    9.330e-04
642.3    9.005e-04
642.4    8.684e-04
642.5    8.376e-04
642.6    8.084e-04
642.7    7.802e-04
642.8    7.531e-04
642.9    7.279e-04
643.0    7.038e-04
643.1    6.778e-04
643.2    6.508e-04
643.3    6.262e-04
643.4    6.032e-04
643.5    5.808e-04
643.6    5.589e-04
643.7    5.363e-04
643.8    5.154e-04
643.9    4.945e-04
644.0    4.732e-04
644.1    4.530e-04
644.2    4.331e-04
644.3    4.148e-04
644.4    3.969e-04
644.5    3.786e-04
644.6    3.605e-04
644.7    3.413e-04
644.8    3.238e-04
644.9    3.082e-04
645.0    2.933e-04
645.1    2.786e-04
645.2    2.648e-04
645.3    2.522e-04
645.4    2.413e-04
645.5    2.310e-04
645.6    2.213e-04
645.7    2.099e-04
645.8    1.997e-04
645.9    1.912e-04
646.0    1.816e-04
646.1    1.717e-04
646.2    1.619e-04
646.3    1.519e-04
646.4    1.430e-04
646.5    1.333e-04
646.6    1.256e-04
646.7    1.193e-04
646.8    1.145e-04
646.9    1.100e-04
647.0    1.042e-04
647.1    1.003e-04
647.2    9.481e-05
647.3    8.699e-05
647.4    8.131e-05
647.5    7.557e-05
647.6    6.888e-05
647.7    6.237e-05
647.8    5.742e-05
647.9    5.369e-05
648.0    4.956e-05
648.1    4.566e-05
648.2    4.428e-05
648.3    4.425e-05
648.4    4.221e-05
648.5    3.919e-05
648.6    3.796e-05
648.7    3.870e-05
648.8    3.673e-05
648.9    3.347e-05
649.0    3.049e-05
649.1    2.718e-05
649.2    2.283e-05
649.3    2.118e-05
649.4    1.919e-05
649.5    1.685e-05
649.6    1.349e-05
649.7    1.231e-05
649.8    1.135e-05
649.9    1.068e-05
