# wav (nm); tau(wav)
7.697933104961317667e+02 0.000000000000000000e+00
7.697340568833468524e+02 0.000000000000000000e+00
7.696748123917644762e+02 0.000000000000000000e+00
7.696155770192788168e+02 8.718501444569479931e-06
7.695622729791294887e+02 1.743700288913895986e-05
7.694971336231772057e+02 2.650172641273466765e-05
7.694379255953525671e+02 3.112221743101192047e-05
7.693787266782073857e+02 3.661770606719181334e-05
7.693195368696387959e+02 4.315186094045039486e-05
7.692603561675449555e+02 5.073727194457041089e-05
7.692011845698242496e+02 5.980829041505750178e-05
7.691420220743760865e+02 7.094405146591917666e-05
7.690828686791002156e+02 8.221200640149994062e-05
7.690237243818971820e+02 9.329111293033913715e-05
7.689645891806682130e+02 1.046220173348337795e-04
7.689054630733151043e+02 1.159529217393284083e-04
7.688463460577403339e+02 1.272838261438230371e-04
7.687872381318470616e+02 1.386147305483176253e-04
7.687281392935387885e+02 1.490643423880182682e-04
7.686690495407202661e+02 1.603952467925128834e-04
7.686099688712962461e+02 1.717261511970074987e-04
7.685508972831726169e+02 1.830570556015021411e-04
7.684918347742554943e+02 1.943879600059968105e-04
7.684327813424520173e+02 2.057188644104914258e-04
7.683737369856697796e+02 2.170497688149860681e-04
7.683147017018170573e+02 2.274993806546867111e-04
7.682556754888026944e+02 2.388302850591812721e-04
7.681966583445362176e+02 2.589111656427023150e-04
7.681376502669278352e+02 2.798103893221034924e-04
7.680786512538884381e+02 3.007725624704185347e-04
7.680196613033293715e+02 3.251969564089959267e-04
7.679606804131628905e+02 3.513209860082473985e-04
7.679017085813015910e+02 3.792076007370870317e-04
7.678427458056589785e+02 4.097380931603087175e-04
7.677837920841491268e+02 4.428495138089984825e-04
7.677248474146865647e+02 4.786048121520705169e-04
7.676659117951867302e+02 5.161226956247304959e-04
7.676069852235655162e+02 5.562215073228587168e-04
7.675480676977396115e+02 5.945577338913988303e-04
7.674891592156260458e+02 6.345306466516993215e-04
7.674302597751429857e+02 6.754478014457077854e-04
7.673713693742085979e+02 7.169944509288546809e-04
7.673124880107424133e+02 7.610590791685560618e-04
7.672536156826638489e+02 8.051237074082573343e-04
7.671947523878936863e+02 8.517063144045132006e-04
7.671358981243527069e+02 8.976594267116304185e-04
7.670770528899628289e+02 9.499074859101333621e-04
7.670182166826461980e+02 9.933426194606959862e-04
7.669593895003259831e+02 1.054403604307139032e-03
7.669005713409256941e+02 1.106651663505642518e-03
7.668417622023695230e+02 1.159529217393284002e-03
7.667829620825825714e+02 1.228773633198528611e-03
7.667241709794901681e+02 1.289834618044972308e-03
7.666653888910185515e+02 1.368521454187295993e-03
7.666066158150945284e+02 1.455391721288421675e-03
7.665478517496454742e+02 1.551704408726625999e-03
7.664890966925995599e+02 1.656200527123631886e-03
7.664303506418854113e+02 1.760696645520638424e-03
7.663716135954324500e+02 1.874005689565584739e-03
7.663128855511705524e+02 1.996127659258470615e-03
7.662541665070303907e+02 2.118249628951357141e-03
7.661954564609432055e+02 2.240371598644244101e-03
7.661367554108408058e+02 2.371306493985070839e-03
7.660780633546557965e+02 2.501611894636759145e-03
7.660193802903213509e+02 2.641359715625526527e-03
7.659607062157710970e+02 2.789920462262233686e-03
7.659020411289395724e+02 2.964290491153623482e-03
7.658433850277617694e+02 3.155656876651755267e-03
7.657847379101734759e+02 3.356465682486964829e-03
7.657260997741108213e+02 3.574270844928918115e-03
7.656674706175108440e+02 3.800888933018810312e-03
7.656088504383110376e+02 4.045132872404583364e-03
7.655502392344498048e+02 4.289376811790357284e-03
7.654916370038657760e+02 4.541804182134932116e-03
7.654330437444984909e+02 4.803673972816584724e-03
7.653744594542880577e+02 5.073727194457039978e-03
7.653158841311751530e+02 5.352593341745435010e-03
7.652573177731012493e+02 5.632088983722970642e-03
7.651987603780081599e+02 5.919768056659305451e-03
7.651402119438387217e+02 6.216260055243583507e-03
7.650816724685359986e+02 6.521564979475800473e-03
7.650231419500439642e+02 6.823722430262323113e-03
7.649646203863071605e+02 7.125879881048846620e-03
7.649061077752705842e+02 7.459512066292298647e-03
7.648476041148801414e+02 7.868683614232383286e-03
7.647891094030820796e+02 8.277855162172467057e-03
7.647306236378235553e+02 8.718501444569480216e-03
7.646721468170521803e+02 9.152852780075108191e-03
7.646136789387162480e+02 9.587204115580734431e-03
7.645552200007645069e+02 1.002155545108636241e-02
7.644967700011467286e+02 1.054403604307139163e-02
7.644383289378129120e+02 1.098468232546840652e-02
7.643798968087139656e+02 1.141903366097403276e-02
7.643214736118011388e+02 1.185338499647966073e-02
7.642630593450265906e+02 1.237586558846469342e-02
7.642046540063429347e+02 1.281021692397031793e-02
7.641462575937034671e+02 1.325086320636733282e-02
7.640878701050620521e+02 1.368521454187296080e-02
7.640294915383733496e+02 1.411956587737858704e-02
7.639711218915924746e+02 1.464204646936361452e-02
7.639127611626752241e+02 1.516452706134864895e-02
7.638544093495779634e+02 1.569330260022506335e-02
7.637960664502577401e+02 1.621578319221009257e-02
7.637377324626722839e+02 1.673826378419512526e-02
7.636794073847798927e+02 1.717261511970075497e-02
7.636210912145393195e+02 1.769509571168578418e-02
7.635627839499102265e+02 1.804131779071200745e-02
7.635044855888528446e+02 1.830570556015021638e-02
7.634461961293277454e+02 1.857009332958842185e-02
7.633879155692965242e+02 1.874005689565583915e-02
7.633296439067211168e+02 1.882818615213524560e-02
7.632713811395641414e+02 1.891631540861464858e-02
7.632131272657890122e+02 1.891631540861464858e-02
7.631548822833593704e+02 1.882818615213524560e-02
7.630966461902399942e+02 1.865192763917643964e-02
7.630384189843958893e+02 1.848196407310901887e-02
7.629802006637927434e+02 1.830570556015021638e-02
7.629219912263971537e+02 1.804131779071200745e-02
7.628637906701758311e+02 1.778322496816518369e-02
7.628055989930966234e+02 1.743700288913896043e-02
7.627474161931276058e+02 1.717261511970075497e-02
7.626892422682377628e+02 1.673826378419512526e-02
7.626310772163965339e+02 1.638574675827751681e-02
7.625729210355740406e+02 1.595139542277188710e-02
7.625147737237408592e+02 1.534078557430745837e-02
7.624566352788684753e+02 1.455391721288421675e-02
7.623985056989288296e+02 1.333899246284673580e-02
7.623403849818944309e+02 1.167712648352085478e-02
7.622822731257384703e+02 1.072029455603019758e-02
7.622241701284348210e+02 1.037407247700397432e-02
7.621660759879578109e+02 1.028594322052456961e-02
7.621079907022825637e+02 1.037407247700397432e-02
7.620499142693846579e+02 1.054403604307139163e-02
7.619918466872404679e+02 1.089655306898900528e-02
7.619337879538268226e+02 1.150716291745343747e-02
7.618757380671212331e+02 1.298647543692912389e-02
7.618176970251018929e+02 1.464204646936361452e-02
7.617596648257474499e+02 1.612765393573069306e-02
7.617016414670373479e+02 1.795948348112398965e-02
7.616436269469514855e+02 2.013753510554351644e-02
7.615856212634705571e+02 2.170497688149860757e-02
7.615276244145755982e+02 2.371306493985070665e-02
7.614696363982486673e+02 2.536863597228520423e-02
7.614116572124719369e+02 2.675981923528148940e-02
7.613536868552286023e+02 2.789920462262233947e-02
7.612957253245023139e+02 2.903229506307180782e-02
7.612377726182772903e+02 3.033534906958868307e-02
7.611798287345385461e+02 3.138660520045012670e-02
7.611218936712714367e+02 3.251969564089959852e-02
7.610639674264622272e+02 3.347652756839025051e-02
7.610060499980975237e+02 3.426339592981349214e-02
7.609481413841646145e+02 3.487400577827792086e-02
7.608902415826516972e+02 3.522022785730415106e-02
7.608323505915471969e+02 3.539648637026295702e-02
7.607744684088402209e+02 3.530835711378354363e-02
7.607165950325206722e+02 3.487400577827792086e-02
7.606587304605789086e+02 3.426339592981349214e-02
7.606008746910058562e+02 3.347652756839025051e-02
7.605430277217933508e+02 3.251969564089959852e-02
7.604851895509334554e+02 3.138660520045012670e-02
7.604273601764191426e+02 3.016538550352126577e-02
7.603695395962437260e+02 2.859164878067478599e-02
7.603117278084014288e+02 2.720046551767850429e-02
7.602539248108868151e+02 2.580298730779084088e-02
7.601961306016952449e+02 2.414741627535633983e-02
7.601383451788225329e+02 2.231558672996303283e-02
7.600805685402652898e+02 2.004940584906411000e-02
7.600228006840204671e+02 1.821757630367081340e-02
7.599650416080860396e+02 1.612765393573069306e-02
7.599072913104600957e+02 1.394960231131116973e-02
7.598495497891417472e+02 1.176525574000025949e-02
7.597918170421304467e+02 9.587204115580734431e-03
7.597340930674264428e+02 7.868683614232383286e-03
7.596763778630303250e+02 6.370486254082537853e-03
7.596186714269437061e+02 5.274536000292251274e-03
7.595609737571683127e+02 3.905385051415815548e-03
7.595032848517070079e+02 2.720046551767849995e-03
7.594456047085627688e+02 1.952692525707907774e-03
7.593879333257394819e+02 1.577513690981308201e-03
7.593302707012414885e+02 1.394960231131116843e-03
7.592726168330739256e+02 1.333899246284673580e-03
7.592149717192422713e+02 1.298647543692912519e-03
7.591573353577529133e+02 1.281021692397032096e-03
7.590997077466124665e+02 1.264025335790289889e-03
7.590420888838285691e+02 1.246399484494409250e-03
7.589844787674092004e+02 1.228773633198528611e-03
7.589268773953629079e+02 1.211777276591786837e-03
7.588692847656991489e+02 1.194151425295906415e-03
7.588117008764274942e+02 1.167712648352085564e-03
7.587541257255586515e+02 1.150716291745343791e-03
7.586965593111035560e+02 1.133090440449463152e-03
7.586390016310738247e+02 1.124277514801522940e-03
7.585814526834818707e+02 1.106651663505642518e-03
7.585239124663404482e+02 1.089655306898900311e-03
7.584663809776632206e+02 1.072029455603020105e-03
7.584088582154639653e+02 1.054403604307139032e-03
7.583513441777575963e+02 1.037407247700397259e-03
7.582938388625592552e+02 1.019781396404516836e-03
7.582363422678848792e+02 1.010968470756576625e-03
7.581788543917509742e+02 9.933426194606959862e-04
7.581213752321747279e+02 9.763462628539538871e-04
7.580639047871735556e+02 9.587204115580736817e-04
7.580064430547660095e+02 9.499074859101333621e-04
7.579489900329707552e+02 9.322816346142526146e-04
7.578915457198074819e+02 9.240982036554509435e-04
7.578341101132962194e+02 9.064723523595707381e-04
7.577766832114575664e+02 8.888465010636899906e-04
7.577192650123129170e+02 8.800335754157496710e-04
7.576618555138841202e+02 8.542242931610674692e-04
7.576044547141937073e+02 8.107891596105047368e-04
7.575470626112647778e+02 7.711309941947736783e-04
7.574896792031208861e+02 6.981096102546969617e-04
7.574323044877863822e+02 6.320126678951449445e-04
7.573749384632862984e+02 5.718959250824095456e-04
7.573175811276458944e+02 5.170039881895244953e-04
7.572602324788913393e+02 4.681552003123699282e-04
7.572028925150493706e+02 4.237128752591853582e-04
7.571455612341472943e+02 3.792076007370870317e-04
7.570882386342128711e+02 3.469774726531912119e-04
7.570309247132745440e+02 3.138660520045012843e-04
7.569736194693614380e+02 2.842168521460736522e-04
7.569163229005033600e+02 2.571485805131142619e-04
7.568590350047303446e+02 2.327871360434508432e-04
7.568017557800734494e+02 2.048375718456973721e-04
7.567444852245639595e+02 1.743700288913896054e-04
7.566872233362339557e+02 1.455391721288421349e-04
7.566299701131162010e+02 1.159529217393284083e-04
7.565727255532437994e+02 8.718501444569480270e-05
7.565154896546506507e+02 5.754210953415856382e-05
7.564582624153712231e+02 2.615550433370844488e-05
7.564010438334404398e+02 0.000000000000000000e+00
