7.039279177812192074e+02 9.800231413308165958e-06
7.038783698176955568e+02 9.904167281431584650e-06
7.038288288288288186e+02 1.001073443735559800e-05
7.037792948131466346e+02 1.011861723717990444e-05
7.037297677691766467e+02 1.022781568090450906e-05
7.036802476954471786e+02 1.033701412462911199e-05
7.036307345904868953e+02 1.044884385615430788e-05
7.035812284528249165e+02 1.056198923157980364e-05
7.035317292809905894e+02 1.067513460700529771e-05
7.034822370735139430e+02 1.079091127023138643e-05
7.034327518289251202e+02 1.090800357735776825e-05
7.033832735457550598e+02 1.102641152838444485e-05
7.033338022225348141e+02 1.114613512331141964e-05
7.032843378577958902e+02 1.126717436213869259e-05
7.032348804500703636e+02 1.139084488876655852e-05
7.031854299978904237e+02 1.151451541539442444e-05
7.031359864997890554e+02 1.164081722982288163e-05
7.030865499542993575e+02 1.176843468815163361e-05
7.030371203599549972e+02 1.189736779038068716e-05
7.029876977152899826e+02 1.202761653651003549e-05
7.029382820188387768e+02 1.215918092653967861e-05
7.028888732691361838e+02 1.229337660436991808e-05
7.028394714647174624e+02 1.242888792610044895e-05
7.027900766041183260e+02 1.256571489173128139e-05
7.027406886858749431e+02 1.270385750126240692e-05
7.026913077085235955e+02 1.284463139859412542e-05
7.026419336706014747e+02 1.298672093982613870e-05
7.025925665706456584e+02 1.313144176885874494e-05
7.025432064071940204e+02 1.327484695399105979e-05
7.024938531787846614e+02 1.341956778302366773e-05
7.024445068839561372e+02 1.357744505105923880e-05
7.023951675212474584e+02 1.372216588009184843e-05
7.023458350891979762e+02 1.388004314812741950e-05
7.022965095863473834e+02 1.403792041616299226e-05
7.022471910112359410e+02 1.419579768419856672e-05
7.021978793624043647e+02 1.435367495223413948e-05
7.021485746383934838e+02 1.451155222026970885e-05
7.020992768377448101e+02 1.466942948830528161e-05
7.020499859590003098e+02 1.484046319534382258e-05
7.020007020007019491e+02 1.501149690238235508e-05
7.019514249613927177e+02 1.518253060942089435e-05
7.019021548396153776e+02 1.535356431645942685e-05
7.018528916339134867e+02 1.552459802349796952e-05
7.018036353428310576e+02 1.569563173053650201e-05
7.017543859649123306e+02 1.587982187657800611e-05
7.017051434987018865e+02 1.606401202261951021e-05
7.016559079427448751e+02 1.624820216866101091e-05
7.016066792955869005e+02 1.643239231470250823e-05
7.015574575557737944e+02 1.661658246074400894e-05
7.015082427218519570e+02 1.680077260678551303e-05
7.014590347923681293e+02 1.699811919182997517e-05
7.014098337658693936e+02 1.719546577687444409e-05
7.013606396409034005e+02 1.739281236191890962e-05
7.013114524160179144e+02 1.759015894696337853e-05
7.012622720897616091e+02 1.778750553200784067e-05
7.012130986606829310e+02 1.799800855605526763e-05
7.011639321273313499e+02 1.820851158010269798e-05
7.011147724882563352e+02 1.841901460415013172e-05
7.010656197420078115e+02 1.862951762819756206e-05
7.010164738871363852e+02 1.885317709124795384e-05
7.009673349221926628e+02 1.906368011529538419e-05
7.009182028457279330e+02 1.928733957834577936e-05
7.008690776562938254e+02 1.951099904139617453e-05
7.008199593524423108e+02 1.974781494344953452e-05
7.007708479327260420e+02 1.997147440649992968e-05
7.007217433956975583e+02 2.020829030855328628e-05
7.006726457399103083e+02 2.044510621060664288e-05
7.006235549639178544e+02 2.068192211266000287e-05
7.005744710662743273e+02 2.093189445371633107e-05
7.005253940455341990e+02 2.116871035576968767e-05
7.004763239002521686e+02 2.141868269682600570e-05
7.004272606289837313e+02 2.168181147688529533e-05
7.003782042302843820e+02 2.193178381794161675e-05
7.003291547027102979e+02 2.219491259800090638e-05
7.002801120448178835e+02 2.245804137806019601e-05
7.002310762551642256e+02 2.272117015811948225e-05
7.001820473323064107e+02 2.299745537718173331e-05
7.001330252748022076e+02 2.327374059624398776e-05
7.000840100812097262e+02 2.355002581530624221e-05
7.000350017500875310e+02 2.382631103436848649e-05
6.999860002799944141e+02 2.411575269243370237e-05
6.999370056694897357e+02 2.440519435049892503e-05
6.998880179171333111e+02 2.469463600856414091e-05
6.998390370214850691e+02 2.499723410563231823e-05
6.997900629811056206e+02 2.529983220270049554e-05
6.997410957945560313e+02 2.560243029976867963e-05
6.996921354603974805e+02 2.590502839683686033e-05
6.996431819771916025e+02 2.622078293290800246e-05
6.995942353435007135e+02 2.654969390798211958e-05
6.995452955578873571e+02 2.686544844405325833e-05
6.994963626189144179e+02 2.719435941912737206e-05
6.994474365251451218e+02 2.752327039420148579e-05
6.993985172751433765e+02 2.786533780827855756e-05
6.993496048674732037e+02 2.819424878335265774e-05
6.993006993006993071e+02 2.854947263643269433e-05
6.992518005733865039e+02 2.889154005050977288e-05
6.992029086841001799e+02 2.924676390358980948e-05
6.991540236314059484e+02 2.960198775666985624e-05
6.991051454138702184e+02 2.997036804875285765e-05
6.990562740300593987e+02 3.033874834083585568e-05
6.990074094785404668e+02 3.072028507192182191e-05
6.989585517578807412e+02 3.110182180300779154e-05
6.989097008666479951e+02 3.148335853409375438e-05
6.988608568034104565e+02 3.186489526517972401e-05
6.988120195667365806e+02 3.227274487427162327e-05
6.987631891551952776e+02 3.266743804436056110e-05
6.987143655673560261e+02 3.307528765345245359e-05
6.986655488017885318e+02 3.348313726254434607e-05
6.986167388570630692e+02 3.390414331063919999e-05
6.985679357317499125e+02 3.432514935873406069e-05
6.985191394244202456e+02 3.475931184583188282e-05
6.984703499336453660e+02 3.519347433292971172e-05
6.984215672579969123e+02 3.564079325903050206e-05
6.983727913960472051e+02 3.608811218513129239e-05
6.983240223463686789e+02 3.653543111123207595e-05
6.982752601075343364e+02 3.699590647633583450e-05
6.982265046781176352e+02 3.746953828044254770e-05
6.981777560566920329e+02 3.794317008454926767e-05
6.981290142418318965e+02 3.841680188865598765e-05
6.980802792321117067e+02 3.890359013176566228e-05
6.980315510261063991e+02 3.940353481387831190e-05
6.979828296223912503e+02 3.990347949599096152e-05
6.979341150195421051e+02 4.041658061710657257e-05
6.978854072161351496e+02 4.092968173822217684e-05
6.978367062107466836e+02 4.145593929834075610e-05
6.977880120019538026e+02 4.198219685845932858e-05
6.977393245883338295e+02 4.252161085758086927e-05
6.976906439684644283e+02 4.306102485670240996e-05
6.976419701409237177e+02 4.361359529482691208e-05
6.975933031042901575e+02 4.417932217195438241e-05
6.975446428571428896e+02 4.474504904908185274e-05
6.974959893980609422e+02 4.532393236521228450e-05
6.974473427256242530e+02 4.591597212034569125e-05
6.973987028384127598e+02 4.650801187547907767e-05
6.973500697350069686e+02 4.710005163061248442e-05
6.973014434139878404e+02 4.771840426375180047e-05
6.972528238739366770e+02 4.833675689689113686e-05
6.972042111134351217e+02 4.896826596903341435e-05
6.971556051310652720e+02 4.959977504117571217e-05
6.971070059254095668e+02 5.024444055232095787e-05
6.970584134950508997e+02 5.090226250246918533e-05
6.970098278385725052e+02 5.156008445261739924e-05
6.969612489545580729e+02 5.223106284176859491e-05
6.969126768415917468e+02 5.291519766992272490e-05
6.968641114982577847e+02 5.361248893707985021e-05
6.968155529231412402e+02 5.432293664323991662e-05
6.967670011148271669e+02 5.503338434939999659e-05
6.967184560719013007e+02 5.575698849456304476e-05
6.966699177929497182e+02 5.648059263972608616e-05
6.966213862765587237e+02 5.723050966289505042e-05
6.965728615213150761e+02 5.798042668606400791e-05
6.965243435258062163e+02 5.875665658723890858e-05
6.964758322886195856e+02 5.953288648841380926e-05
6.964273278083431933e+02 6.030911638958870316e-05
6.963788300835655036e+02 6.111165916876954026e-05
6.963303391128750945e+02 6.192735838695333879e-05
6.962818548948614534e+02 6.274305760513713731e-05
6.962333774281139540e+02 6.357191326232388372e-05
6.961849067112225384e+02 6.442708179751656654e-05
6.961364427427776036e+02 6.528225033270924937e-05
6.960879855213698875e+02 6.615057530690490717e-05
6.960395350455905827e+02 6.703205672010351286e-05
6.959910913140312232e+02 6.792669457230509353e-05
6.959426543252835700e+02 6.883448886350962209e-05
6.958942240779401800e+02 6.974228315471417774e-05
6.958458005705936102e+02 7.067639032392464271e-05
6.957973838018368724e+02 7.162365393213808266e-05
6.957489737702636603e+02 7.258407397935447050e-05
6.957005704744677814e+02 7.355765046557383331e-05
6.956521739130434980e+02 7.454438339079617112e-05
6.956037840845854134e+02 7.554427275502147035e-05
6.955554009876886994e+02 7.655731855824973102e-05
6.955070246209486413e+02 7.758352080048095312e-05
6.954586549829612068e+02 7.862287948171513665e-05
6.954102920723227044e+02 7.967539460195229516e-05
6.953619358876295564e+02 8.075422260019534944e-05
6.953135864274787536e+02 8.183305059843844437e-05
6.952652436904679689e+02 8.293819147468743506e-05
6.952169076751946477e+02 8.405648878993942784e-05
6.951685783802572587e+02 8.517478610519139352e-05
6.951202558042541568e+02 8.633255273745224349e-05
6.950719399457843792e+02 8.749031936971312057e-05
6.950236308034473041e+02 8.867439887997989340e-05
6.949753283758426505e+02 8.985847839024672045e-05
6.949270326615704789e+02 9.106887077851942970e-05
6.948787436592314180e+02 9.229241960579512749e-05
6.948304613674263237e+02 9.354228131107673459e-05
6.947821857847565070e+02 9.480529945536130313e-05
6.947339169098235061e+02 9.608147403864887375e-05
6.946856547412295413e+02 9.737080506093936515e-05
6.946373992775770603e+02 9.868644896123579297e-05
6.945891505174689655e+02 1.000152493005352093e-04
6.945409084595082732e+02 1.013572060788375871e-04
6.944926731022987951e+02 1.027123192961428992e-04
6.944444444444444571e+02 1.040937453914541613e-04
6.943962224845496394e+02 1.055014843647713598e-04
6.943480072212192908e+02 1.069092233380885583e-04
6.942997986530583603e+02 1.083432751894116525e-04
6.942515967786725923e+02 1.098036399187407103e-04
6.942034015966678453e+02 1.112771610870727160e-04
6.941552131056504322e+02 1.127638386944076831e-04
6.941070313042271209e+02 1.142768291797486001e-04
6.940588561910050203e+02 1.158029761040924651e-04
6.940106877645915802e+02 1.173422794674392779e-04
6.939625260235947053e+02 1.189078957087920678e-04
6.939143709666227551e+02 1.204998248281507670e-04
6.938662225922842026e+02 1.221049103865124276e-04
6.938180808991882031e+02 1.237231523838770361e-04
6.937699458859442530e+02 1.253677072592475675e-04
6.937218175511619620e+02 1.270254185736210874e-04
6.936736958934517361e+02 1.287094427660005031e-04
6.936255809114239810e+02 1.304066233973829073e-04
6.935774726036897846e+02 1.320906475897623772e-04
6.935293709688605759e+02 1.338009846601477429e-04
6.934812760055478975e+02 1.356428861205627499e-04
6.934331877123638606e+02 1.373532231909481427e-04
6.933851060879212582e+02 1.391951246513631227e-04
6.933370311308326563e+02 1.410370261117781568e-04
6.932889628397116439e+02 1.428789275721931639e-04
6.932409012131715826e+02 1.447208290326081710e-04
6.931928462498267436e+02 1.465627304930232052e-04
6.931447979482913979e+02 1.485361963434678537e-04
6.930967563071804989e+02 1.503780978038828336e-04
6.930487213251091134e+02 1.523515636543275092e-04
6.930006930006929906e+02 1.543250295047721577e-04
6.929526713325479932e+02 1.562984953552168062e-04
6.929046563192904387e+02 1.582719612056614818e-04
6.928566479595372130e+02 1.602454270561061574e-04
6.928086462519052020e+02 1.623504572965804474e-04
6.927606511950120876e+02 1.643239231470250959e-04
6.927126627874757787e+02 1.664289533874993858e-04
6.926646810279144120e+02 1.685339836279736757e-04
6.926167059149466922e+02 1.706390138684480199e-04
6.925687374471916655e+02 1.727440441089222827e-04
6.925207756232687188e+02 1.748490743493965726e-04
6.924728204417976940e+02 1.769541045898708896e-04
6.924248719013986602e+02 1.791906992203748481e-04
6.923769300006923686e+02 1.814272938508787794e-04
6.923289947382996843e+02 1.835323240913530965e-04
6.922810661128418133e+02 1.857689187218570007e-04
6.922331441229406437e+02 1.880055133523610134e-04
6.921852287672180637e+02 1.902421079828649176e-04
6.921373200442967573e+02 1.924787026133688490e-04
6.920894179527995220e+02 1.948468616339024489e-04
6.920415224913494967e+02 1.970834562644064073e-04
6.919936336585703884e+02 1.994516152849399801e-04
6.919457514530861317e+02 2.016882099154439115e-04
6.918978758735211159e+02 2.040563689359774842e-04
6.918500069185000712e+02 2.064245279565111383e-04
6.918021445866481827e+02 2.087926869770446840e-04
6.917542888765910902e+02 2.111608459975782839e-04
6.917064397869544337e+02 2.135290050181119109e-04
6.916585973163646486e+02 2.158971640386454023e-04
6.916107614634483980e+02 2.182653230591790564e-04
6.915629322268326860e+02 2.206334820797126292e-04
6.915151096051448576e+02 2.231332054902758434e-04
6.914672935970128265e+02 2.255013645108094704e-04
6.914194842010647335e+02 2.278695235313430161e-04
6.913716814159291744e+02 2.303692469419062303e-04
6.913238852402350858e+02 2.327374059624399115e-04
6.912760956726116319e+02 2.352371293730030715e-04
6.912283127116886590e+02 2.376052883935366713e-04
6.911805363560962405e+02 2.399734474140702983e-04
6.911327666044646776e+02 2.424731708246335125e-04
6.910850034554250669e+02 2.448413298451671124e-04
6.910372469076082780e+02 2.473410532557303266e-04
6.909894969596462033e+02 2.497092122762639265e-04
6.909417536101706219e+02 2.522089356868271407e-04
6.908940168578139946e+02 2.545770947073607406e-04
6.908462867012090101e+02 2.570768181179239548e-04
6.907985631389886976e+02 2.594449771384575547e-04
6.907508461697865414e+02 2.618131361589911004e-04
6.907031357922364805e+02 2.641812951795247544e-04
6.906554320049726812e+02 2.665494542000583543e-04
6.906077348066298782e+02 2.689176132205919000e-04
6.905600441958428064e+02 2.712857722411254999e-04
6.905123601712471100e+02 2.736539312616590456e-04
6.904646827314783195e+02 2.760220902821926454e-04
6.904170118751726477e+02 2.783902493027262453e-04
6.903693476009665346e+02 2.806268439332301767e-04
6.903216899074968751e+02 2.829950029537638308e-04
6.902740387934010187e+02 2.852315975842677079e-04
6.902263942573164286e+02 2.874681922147716935e-04
6.901787562978811366e+02 2.897047868452756248e-04
6.901311249137336290e+02 2.919413814757795562e-04
6.900835001035125060e+02 2.940464117162537648e-04
6.900358818658570499e+02 2.962830063467578046e-04
6.899882701994066565e+02 2.983880365872321758e-04
6.899406651028011765e+02 3.004930668277064386e-04
6.898930665746809154e+02 3.025980970681807014e-04
6.898454746136865197e+02 3.047031273086550185e-04
6.897978892184589768e+02 3.066765931590996128e-04
6.897503103876397290e+02 3.086500590095443155e-04
6.897027381198703324e+02 3.106235248599889098e-04
6.896551724137931387e+02 3.125969907104336125e-04
6.896076132680504998e+02 3.144388921708486466e-04
6.895600606812853357e+02 3.164123580212932951e-04
6.895125146521409079e+02 3.182542594817083293e-04
6.894649751792609322e+02 3.199645965520936950e-04
6.894174422612892386e+02 3.218064980125086207e-04
6.893699158968702250e+02 3.235168350828940948e-04
6.893223960846487444e+02 3.252271721532794604e-04
6.892748828232698770e+02 3.269375092236647719e-04
6.892273761113791579e+02 3.281215887339316260e-04
6.891798759476223495e+02 3.279900243439019575e-04
6.891323823306456688e+02 3.279900243439019575e-04
6.890848952590959016e+02 3.278584599538723432e-04
6.890374147316199469e+02 3.275953311738130603e-04
6.889899407468650452e+02 3.274637667837833918e-04
6.889424733034791188e+02 3.272006380037241632e-04
6.888950124001102040e+02 3.268059448336351576e-04
6.888475580354067915e+02 3.265428160535759289e-04
6.888001102080175997e+02 3.260165584934573090e-04
6.887526689165920288e+02 3.256218653233683576e-04
6.887052341597795930e+02 3.250956077632497377e-04
6.886578059362302611e+02 3.245693502031312262e-04
6.886103842445944565e+02 3.240430926430126605e-04
6.885629690835227166e+02 3.233852706928644263e-04
6.885155604516662606e+02 3.227274487427161920e-04
6.884681583476764217e+02 3.219380624025383435e-04
6.884207627702051013e+02 3.212802404523901634e-04
6.883733737179045420e+02 3.203592897221826464e-04
6.883259911894273273e+02 3.195699033820047978e-04
6.882786151834262682e+02 3.186489526517972265e-04
6.882312456985547442e+02 3.177280019215897636e-04
6.881838827334663620e+02 3.168070511913822465e-04
6.881365262868152968e+02 3.158861004611747837e-04
6.880891763572559512e+02 3.148335853409375980e-04
6.880418329434429552e+02 3.137810702207004666e-04
6.879944960440316208e+02 3.125969907104336125e-04
6.879471656576774876e+02 3.115444755901964811e-04
6.878998417830364360e+02 3.103603960799296269e-04
6.878525244187645740e+02 3.090447521796332669e-04
6.878052135635188051e+02 3.078606726693664669e-04
6.877579092159560332e+02 3.065450287690700527e-04
6.877106113747335030e+02 3.053609492588032527e-04
6.876633200385091413e+02 3.039137409684771157e-04
6.876160352059409888e+02 3.025980970681807014e-04
6.875687568756875407e+02 3.012824531678842872e-04
6.875214850464077472e+02 2.998352448775583128e-04
6.874742197167606719e+02 2.983880365872321758e-04
6.874269608854059470e+02 2.969408282969060388e-04
6.873797085510035458e+02 2.954936200065799560e-04
6.873324627122138963e+02 2.939148473262242589e-04
6.872852233676975402e+02 2.923360746458685076e-04
6.872379905161157012e+02 2.908888663555424790e-04
6.871907641561297169e+02 2.893100936751866734e-04
6.871435442864013794e+02 2.877313209948309763e-04
6.870963309055929358e+02 2.860209839244456107e-04
6.870491240123668604e+02 2.844422112440898594e-04
6.870019236053860823e+02 2.828634385637341622e-04
6.869547296833138716e+02 2.811531014933487424e-04
6.869075422448138397e+02 2.794427644229634309e-04
6.868603612885500524e+02 2.777324273525780653e-04
6.868131868131868032e+02 2.760220902821926454e-04
6.867660188173889537e+02 2.743117532118072798e-04
6.867188572998214795e+02 2.726014161414219142e-04
6.866717022591499244e+02 2.708910790710365485e-04
6.866245536940400598e+02 2.691807420006511829e-04
6.865774116031582253e+02 2.673388405402362029e-04
6.865302759851709880e+02 2.656285034698507830e-04
6.864831468387451423e+02 2.639181663994654716e-04
6.864360241625480512e+02 2.620762649390504374e-04
6.863889079552474186e+02 2.603659278686650718e-04
6.863417982155112895e+02 2.585240264082500918e-04
6.862946949420080500e+02 2.566821249478350034e-04
6.862475981334065409e+02 2.549717878774496378e-04
6.862005077883757167e+02 2.531298864170346036e-04
6.861534239055853277e+02 2.512879849566196236e-04
6.861063464837050105e+02 2.495776478862342580e-04
6.860592755214050840e+02 2.477357464258192780e-04
6.860122110173560941e+02 2.458938449654041896e-04
6.859651529702291555e+02 2.441835078950188782e-04
6.859181013786953827e+02 2.423416064346038440e-04
6.858710562414265723e+02 2.404997049741888369e-04
6.858240175570948622e+02 2.386578035137738299e-04
6.857769853243725038e+02 2.369474664433885184e-04
6.857299595419324305e+02 2.351055649829734300e-04
6.856829402084475760e+02 2.333952279125880915e-04
6.856359273225916695e+02 2.315533264521730844e-04
6.855889208830385542e+02 2.297114249917580502e-04
6.855419208884623004e+02 2.280010879213726846e-04
6.854949273375376606e+02 2.261591864609576775e-04
6.854479402289396148e+02 2.244488493905723119e-04
6.854009595613433703e+02 2.226069479301573048e-04
6.853539853334247027e+02 2.208966108597719392e-04
6.853070175438596152e+02 2.191862737893866006e-04
6.852600561913245656e+02 2.174759367190012079e-04
6.852131012744963527e+02 2.156340352585861737e-04
6.851661527920521166e+02 2.139236981882007809e-04
6.851192107426692246e+02 2.122133611178154424e-04
6.850722751250257261e+02 2.105030240474300767e-04
6.850253459377996705e+02 2.087926869770446840e-04
6.849784231796697895e+02 2.070823499066593183e-04
6.849315068493150420e+02 2.053720128362739798e-04
6.848845969454147280e+02 2.037932401559181743e-04
6.848376934666483749e+02 2.020829030855328628e-04
6.847907964116961921e+02 2.003725660151475243e-04
6.847439057792386166e+02 1.987937933347917730e-04
6.846970215679561989e+02 1.970834562644064073e-04
6.846501437765301716e+02 1.955046835840506831e-04
6.846032724036421087e+02 1.939259109036949860e-04
6.845564074479736973e+02 1.922155738333096203e-04
6.845095489082073072e+02 1.906368011529538419e-04
6.844626967830253079e+02 1.890580284725981448e-04
6.844158510711107510e+02 1.874792557922424477e-04
6.843690117711470293e+02 1.859004831118866421e-04
6.843221788818175355e+02 1.843217104315309179e-04
6.842753524018064581e+02 1.828745021412048622e-04
6.842285323297980995e+02 1.812957294608491380e-04
6.841817186644773301e+02 1.798485211705230823e-04
6.841349114045290207e+02 1.782697484901673310e-04
6.840881105486386105e+02 1.768225401998412211e-04
6.840413160954922205e+02 1.752437675194855511e-04
6.839945280437756310e+02 1.737965592291594141e-04
6.839477463921756453e+02 1.723493509388333855e-04
6.839009711393790667e+02 1.709021426485073027e-04
6.838542022840730397e+02 1.694549343581811928e-04
6.838074398249452770e+02 1.680077260678551100e-04
6.837606837606837189e+02 1.665605177775290001e-04
6.837139340899767603e+02 1.652448738772325859e-04
6.836671908115129099e+02 1.637976655869065302e-04
6.836204539239813585e+02 1.624820216866100888e-04
6.835737234260715240e+02 1.610348133962839789e-04
6.835269993164730522e+02 1.597191694959875375e-04
6.834802815938760432e+02 1.584035255956911233e-04
6.834335702569710520e+02 1.570878816953947090e-04
6.833868653044488610e+02 1.557722377950982405e-04
6.833401667350007074e+02 1.544565938948018263e-04
6.832934745473180556e+02 1.531409499945053849e-04
6.832467887400929385e+02 1.518253060942089164e-04
6.832001093120175028e+02 1.505096621939125022e-04
6.831534362617843499e+02 1.493255826836457022e-04
6.831067695880866495e+02 1.480099387833492609e-04
6.830601092896174578e+02 1.468258592730824609e-04
6.830134553650707403e+02 1.455102153727860466e-04
6.829668078131402353e+02 1.443261358625192467e-04
6.829201666325207043e+02 1.431420563522524468e-04
6.828735318219065675e+02 1.419579768419856197e-04
6.828269033799931549e+02 1.407738973317188469e-04
6.827802813054759099e+02 1.395898178214520469e-04
6.827336655970506172e+02 1.384057383111852741e-04
6.826870562534134024e+02 1.372216588009184742e-04
6.826404532732609596e+02 1.361691436806813156e-04
6.825938566552900966e+02 1.349850641704145157e-04
6.825472663981980759e+02 1.338009846601477429e-04
6.825006825006825011e+02 1.327484695399105573e-04
6.824541049614413168e+02 1.316959544196734258e-04
6.824075337791729226e+02 1.305645006654184987e-04
6.823609689525759450e+02 1.294856726671753902e-04
6.823144104803493519e+02 1.284200011079352974e-04
6.822678583611925660e+02 1.273674859876981660e-04
6.822213125938054645e+02 1.263149708674610075e-04
6.821747731768879248e+02 1.252887686252297718e-04
6.821282401091405063e+02 1.242625663829985904e-04
6.820817133892639959e+02 1.232495205797703162e-04
6.820351930159596350e+02 1.222364747765420420e-04
6.819886789879287790e+02 1.212365854123167563e-04
6.819421713038734651e+02 1.202498524870944185e-04
6.818956699624957309e+02 1.192762760008750556e-04
6.818491749624982958e+02 1.183158559536586678e-04
6.818026863025839930e+02 1.173554359064422529e-04
6.817562039814562240e+02 1.164081722982288400e-04
6.817097279978185043e+02 1.154740651290183480e-04
6.816632583503749174e+02 1.145399579598078965e-04
6.816167950378297746e+02 1.136190072296003930e-04
6.815703380588877280e+02 1.127112129383958102e-04
6.815238874122537709e+02 1.118034186471912952e-04
6.814774430966334648e+02 1.109087807949897281e-04
6.814310051107324853e+02 1.100272993817911089e-04
6.813845734532569622e+02 1.091589744075954375e-04
6.813381481229133669e+02 1.082906494333998204e-04
6.812917291184085116e+02 1.074354808982071104e-04
6.812453164384494357e+02 1.065803123630144412e-04
6.811989100817438612e+02 1.057383002668247062e-04
6.811525100469995095e+02 1.049094446096379463e-04
6.811061163329246710e+02 1.040805889524511863e-04
6.810597289382278632e+02 1.032648897342674284e-04
6.810133478616180582e+02 1.024623469550865778e-04
6.809669731018045695e+02 1.016598041759057678e-04
6.809206046574969378e+02 1.008704178357278921e-04
6.808742425274051584e+02 1.000810314955500165e-04
6.808278867102396816e+02 9.930480159437514291e-05
6.807815372047109577e+02 9.854172813220320366e-05
6.807351940095303462e+02 9.777865467003127797e-05
6.806888571234088658e+02 9.701558120785932517e-05
6.806425265450585584e+02 9.627882062369333589e-05
6.805962022731913521e+02 9.554206003952731951e-05
6.805498843065196297e+02 9.480529945536130313e-05
6.805035726437563426e+02 9.408169531019826173e-05
6.804572672836145557e+02 9.335809116503524744e-05
6.804109682248077888e+02 9.264764345887515392e-05
6.803646754660497891e+02 9.195035219171804894e-05
6.803183890060548720e+02 9.125306092456094396e-05
6.802721088435374668e+02 9.056892609640678686e-05
6.802258349772124575e+02 8.988479126825262976e-05
6.801795674057951828e+02 8.921381287910146120e-05
6.801333061280010952e+02 8.854283448995026553e-05
6.800870511425462155e+02 8.787185610079909696e-05
6.800408024481469056e+02 8.722719058965382416e-05
6.799945600435196411e+02 8.656936863950563058e-05
6.799483239273814661e+02 8.592470312836034423e-05
6.799020940984498793e+02 8.529319405621805996e-05
6.798558705554422659e+02 8.466168498407576214e-05
6.798096532970768067e+02 8.404333235093645286e-05
6.797634423220719100e+02 8.342497971779713002e-05
6.797172376291463252e+02 8.280662708465778008e-05
6.796710392170189152e+02 8.220143089052143223e-05
6.796248470844094527e+02 8.159623469638508438e-05
6.795786612300373690e+02 8.100419494125169796e-05
6.795324816526230052e+02 8.041215518611829799e-05
6.794863083508867021e+02 7.983327186998784590e-05
6.794401413235493692e+02 7.925438855385742091e-05
6.793939805693321432e+02 7.868866167672997091e-05
6.793478260869565020e+02 7.812293479960248025e-05
6.793016778751443780e+02 7.755720792247501670e-05
6.792555359326178177e+02 7.700463748435051458e-05
6.792094002580995493e+02 7.645206704622599890e-05
6.791632708503124150e+02 7.591265304710445821e-05
6.791171477079795977e+02 7.537323904798293108e-05
6.790710308298248492e+02 7.483382504886139039e-05
6.790249202145719210e+02 7.430756748874282468e-05
6.789788158609451330e+02 7.378130992862424542e-05
6.789327177676692600e+02 7.326820880750861405e-05
6.788866259334690767e+02 7.274195124739006189e-05
6.788405403570701537e+02 7.224200656527739195e-05
6.787944610371979479e+02 7.172890544416180123e-05
6.787483879725785982e+02 7.122896076204915839e-05
6.787023211619383574e+02 7.074217251893947698e-05
6.786562606040040464e+02 7.025538427582978202e-05
6.786102062975027138e+02 6.976859603272011416e-05
6.785641582411617492e+02 6.928180778961043275e-05
6.785181164337087694e+02 6.880817598550371277e-05
6.784720808738720734e+02 6.833454418139697924e-05
6.784260515603799604e+02 6.786091237729027282e-05
6.783800284919611840e+02 6.740043701218651428e-05
6.783340116673449529e+02 6.693996164708274218e-05
6.782880010852608166e+02 6.649264272098195862e-05
6.782419967444384383e+02 6.603216735587821363e-05
6.781959986436080499e+02 6.559800486878039150e-05
6.781500067815001103e+02 6.515068594267960794e-05
6.781040211568454197e+02 6.471652345558177226e-05
6.780580417683753467e+02 6.428236096848395013e-05
6.780120686148213736e+02 6.384819848138612800e-05
6.779661016949152099e+02 6.342719243329126731e-05
6.779201410073893612e+02 6.300618638519640661e-05
6.778741865509761055e+02 6.258518033710154592e-05
6.778282383244086304e+02 6.216417428900669877e-05
6.777822963264200098e+02 6.175632467991479951e-05
6.777363605557437722e+02 6.134847507082290025e-05
6.776904310111141285e+02 6.094062546173100098e-05
6.776445076912651757e+02 6.054593229164206315e-05
6.775985905949315793e+02 6.015123912155314565e-05
6.775526797208483458e+02 5.975654595146421460e-05
6.775067750677507092e+02 5.937500922037823820e-05
6.774608766343743582e+02 5.898031605028932069e-05
6.774149844194553225e+02 5.859877931920334429e-05
6.773690984217299729e+02 5.823039902712032933e-05
6.773232186399350212e+02 5.784886229603437326e-05
6.772773450728072930e+02 5.748048200395136507e-05
6.772314777190844097e+02 5.711210171186836365e-05
6.771856165775038789e+02 5.674372141978536224e-05
6.771397616468038905e+02 5.638849756670531548e-05
6.770939129257227478e+02 5.602011727462232084e-05
6.770480704129993228e+02 5.566489342154228763e-05
6.770022341073726011e+02 5.530966956846224765e-05
6.769564040075819094e+02 5.496760215438516910e-05
6.769105801123671426e+02 5.462553474030810410e-05
6.768647624204684234e+02 5.428346732623103910e-05
6.768189509306261016e+02 5.394139991215394700e-05
6.767731456415809816e+02 5.359933249807687523e-05
6.767273465520742093e+02 5.327042152300276489e-05
6.766815536608471575e+02 5.294151054792865454e-05
6.766357669666418815e+02 5.261259957285455098e-05
6.765899864682003226e+02 5.228368859778043386e-05
6.765442121642649909e+02 5.195477762270633707e-05
6.764984440535786234e+02 5.163902308663518816e-05
6.764526821348846397e+02 5.132326855056404603e-05
6.764069264069264591e+02 5.100751401449289712e-05
6.763611768684477283e+02 5.069175947842176176e-05
6.763154335181928900e+02 5.038916138135356073e-05
6.762696963549063867e+02 5.008656328428539358e-05
6.762239653773330019e+02 4.977080874821424467e-05
6.761782405842179742e+02 4.948136709014902540e-05
6.761325219743069965e+02 4.917876899308084470e-05
6.760868095463457621e+02 4.887617089601267078e-05
6.760411032990805325e+02 4.858672923794745151e-05
6.759954032312580239e+02 4.829728757988223224e-05
6.759497093416249527e+02 4.800784592181701974e-05
6.759040216289287173e+02 4.771840426375180047e-05
6.758583400919167161e+02 4.744211904468954941e-05
6.758126647293370297e+02 4.715267738662433014e-05
6.757669955399378523e+02 4.687639216756208586e-05
6.757213325224677192e+02 4.660010694849983480e-05
6.756756756756756204e+02 4.632382172943757696e-05
6.756300249983108870e+02 4.606069294937828056e-05
6.755843804891230775e+02 4.578440773031604305e-05
6.755387421468620914e+02 4.552127895025674664e-05
6.754931099702782831e+02 4.525815017019747057e-05
6.754474839581222341e+02 4.499502139013817416e-05
6.754018641091449808e+02 4.473189261007889131e-05
6.753562504220976734e+02 4.446876383001959490e-05
6.753106428957320304e+02 4.421879148896328026e-05
6.752650415287999976e+02 4.395566270890398385e-05
6.752194463200539758e+02 4.370569036784766921e-05
6.751738572682465929e+02 4.345571802679134779e-05
6.751282743721307043e+02 4.320574568573501959e-05
6.750826976304597338e+02 4.295577334467869817e-05
6.750371270419873326e+02 4.271895744262533818e-05
6.749915626054673794e+02 4.246898510156900999e-05
6.749460043196544348e+02 4.223216919951565000e-05
6.749004521833029457e+02 4.199535329746230356e-05
6.748549061951680414e+02 4.175853739540893680e-05
6.748093663540049647e+02 4.152172149335557003e-05
6.747638326585695268e+02 4.128490559130222360e-05
6.747183051076175389e+02 4.106124612825183860e-05
6.746727836999054944e+02 4.082443022619845828e-05
6.746272684341901140e+02 4.060077076314808005e-05
6.745817593092282323e+02 4.037711130009767472e-05
6.745362563237773657e+02 4.015345183704728294e-05
6.744907594765951444e+02 3.992979237399688438e-05
6.744452687664396535e+02 3.970613291094649260e-05
6.743997841920690917e+02 3.949562988689906903e-05
6.743543057522422259e+02 3.927197042384867725e-05
6.743088334457181645e+02 3.906146739980124013e-05
6.742633672712561292e+02 3.885096437575380978e-05
6.742179072276159104e+02 3.864046135170637943e-05
6.741724533135576394e+02 3.842995832765895586e-05
6.741270055278414475e+02 3.821945530361152551e-05
6.740815638692281482e+02 3.800895227956408839e-05
6.740361283364787823e+02 3.779844925551666482e-05
6.739906989283548455e+02 3.760110267047219590e-05
6.739452756436177197e+02 3.740375608542773376e-05
6.738998584810296961e+02 3.719325306138029664e-05
6.738544474393530663e+02 3.699590647633583450e-05
6.738090425173505764e+02 3.679855989129136558e-05
6.737636437137851999e+02 3.660121330624690344e-05
6.737182510274203651e+02 3.641702316020539596e-05
6.736728644570197275e+02 3.621967657516092704e-05
6.736274840013472840e+02 3.602232999011646490e-05
6.735821096591674859e+02 3.583813984407497775e-05
6.735367414292450121e+02 3.565394969803346349e-05
6.734913793103448825e+02 3.545660311298900135e-05
6.734460233012324579e+02 3.527241296694750064e-05
6.734006734006734405e+02 3.508822282090599994e-05
6.733553296074338732e+02 3.490403267486449245e-05
6.733099919202801402e+02 3.473299896782595995e-05
6.732646603379788530e+02 3.454880882178445247e-05
6.732193348592971915e+02 3.436461867574295176e-05
6.731740154830023357e+02 3.419358496870442604e-05
6.731287022078621476e+02 3.400939482266292533e-05
6.730833950326444892e+02 3.383836111562437928e-05
6.730380939561179048e+02 3.366732740858584678e-05
6.729927989770509384e+02 3.349629370154730751e-05
6.729475100942127028e+02 3.332525999450878178e-05
6.729022273063724242e+02 3.315422628747022896e-05
6.728569506122997836e+02 3.298319258043170323e-05
6.728116800107650306e+02 3.281215887339317073e-05
6.727664155005381872e+02 3.265428160535759289e-05
6.727211570803901850e+02 3.248324789831904684e-05
6.726759047490918419e+02 3.232537063028347577e-05
6.726306585054146581e+02 3.215433692324494327e-05
6.725854183481302471e+02 3.199645965520937221e-05
6.725401842760104500e+02 3.183858238717380114e-05
6.724949562878277902e+02 3.168070511913822330e-05
6.724497343823549045e+02 3.152282785110265223e-05
6.724045185583646571e+02 3.136495058306707439e-05
6.723593088146305945e+02 3.120707331503151010e-05
6.723141051499260357e+02 3.104919604699593903e-05
6.722689075630252091e+02 3.090447521796332940e-05
6.722237160527023434e+02 3.074659794992775155e-05
6.721785306177321218e+02 3.060187712089514192e-05
6.721333512568893411e+02 3.044399985285957085e-05
6.720881779689494806e+02 3.029927902382696122e-05
6.720430107526881329e+02 3.015455819479435158e-05
6.719978496068812319e+02 2.999668092675878729e-05
6.719526945303050525e+02 2.985196009772617766e-05
6.719075455217362105e+02 2.970723926869356125e-05
6.718624025799516630e+02 2.956251843966095839e-05
6.718172657037285944e+02 2.943095404963131357e-05
6.717721348918446438e+02 2.928623322059870733e-05
6.717270101430779050e+02 2.914151239156609769e-05
6.716818914562063583e+02 2.899679156253349483e-05
6.716367788300087796e+02 2.886522717250384324e-05
6.715916722632639448e+02 2.872050634347124377e-05
6.715465717547511986e+02 2.858894195344159557e-05
6.715014773032501125e+02 2.845737756341195414e-05
6.714563889075404859e+02 2.831265673437934112e-05
6.714113065664025726e+02 2.818109234434969969e-05
6.713662302786169676e+02 2.804952795432005488e-05
6.713211600429646069e+02 2.791796356429041345e-05
6.712760958582265403e+02 2.778639917426076525e-05
6.712310377231842722e+02 2.765483478423112383e-05
