#A-band: nu(cm-1)    tau at BOA
12600.1199 0.000e+00
12600.6020 0.000e+00
12601.0842 0.000e+00
12601.5663 0.000e+00
12602.0484 0.000e+00
12602.5305 0.000e+00
12603.0126 0.000e+00
12603.4947 0.000e+00
12603.9769 0.000e+00
12604.4590 0.000e+00
12604.9411 0.000e+00
12605.4232 0.000e+00
12605.9053 0.000e+00
12606.3875 0.000e+00
12606.8696 0.000e+00
12607.3517 0.000e+00
12607.8338 0.000e+00
12608.3159 0.000e+00
12608.7980 0.000e+00
12609.2802 0.000e+00
12609.7623 0.000e+00
12610.2444 0.000e+00
12610.7265 0.000e+00
12611.2086 0.000e+00
12611.6907 0.000e+00
12612.1729 0.000e+00
12612.6550 0.000e+00
12613.1371 0.000e+00
12613.6192 0.000e+00
12614.1013 0.000e+00
12614.5834 0.000e+00
12615.0655 0.000e+00
12615.5477 0.000e+00
12616.0298 0.000e+00
12616.5119 0.000e+00
12616.9940 0.000e+00
12617.4761 0.000e+00
12617.9583 0.000e+00
12618.4404 0.000e+00
12618.9225 0.000e+00
12619.4046 0.000e+00
12619.8867 0.000e+00
12620.3688 0.000e+00
12620.8510 0.000e+00
12621.3331 0.000e+00
12621.8152 0.000e+00
12622.2973 0.000e+00
12622.7794 0.000e+00
12623.2615 0.000e+00
12623.7437 0.000e+00
12624.2258 0.000e+00
12624.7079 0.000e+00
12625.1900 0.000e+00
12625.6721 0.000e+00
12626.1542 0.000e+00
12626.6364 0.000e+00
12627.1185 0.000e+00
12627.6006 0.000e+00
12628.0827 0.000e+00
12628.5648 0.000e+00
12629.0469 0.000e+00
12629.5291 0.000e+00
12630.0112 0.000e+00
12630.4933 0.000e+00
12630.9754 0.000e+00
12631.4575 0.000e+00
12631.9396 0.000e+00
12632.4218 2.419e-09
12632.9039 1.490e-08
12633.3860 2.847e-08
12633.8681 4.315e-08
12634.3502 5.892e-08
12634.8323 7.579e-08
12635.3145 9.379e-08
12635.7966 1.129e-07
12636.2787 1.331e-07
12636.7608 1.544e-07
12637.2429 1.769e-07
12637.7250 2.004e-07
12638.2072 2.250e-07
12638.6893 2.507e-07
12639.1714 2.775e-07
12639.6535 3.052e-07
12640.1356 3.342e-07
12640.6177 3.640e-07
12641.0999 3.950e-07
12641.5820 4.270e-07
12642.0641 4.599e-07
12642.5462 4.939e-07
12643.0283 5.288e-07
12643.5104 5.646e-07
12643.9926 6.014e-07
12644.4747 6.389e-07
12644.9568 6.773e-07
12645.4389 7.164e-07
12645.9210 7.567e-07
12646.4031 7.976e-07
12646.8853 8.391e-07
12647.3674 8.813e-07
12647.8495 9.247e-07
12648.3316 9.682e-07
12648.8137 1.012e-06
12649.2958 1.057e-06
12649.7780 1.102e-06
12650.2601 1.148e-06
12650.7422 1.194e-06
12651.2243 1.241e-06
12651.7064 1.288e-06
12652.1885 1.335e-06
12652.6707 1.383e-06
12653.1528 1.430e-06
12653.6349 1.479e-06
12654.1170 1.527e-06
12654.5991 1.574e-06
12655.0812 1.623e-06
12655.5634 1.671e-06
12656.0455 1.720e-06
12656.5276 1.768e-06
12657.0097 1.816e-06
12657.4918 1.864e-06
12657.9739 1.912e-06
12658.4561 1.959e-06
12658.9382 2.006e-06
12659.4203 2.053e-06
12659.9024 2.098e-06
12660.3845 2.144e-06
12660.8666 2.189e-06
12661.3488 2.234e-06
12661.8309 2.279e-06
12662.3130 2.323e-06
12662.7951 2.365e-06
12663.2772 2.407e-06
12663.7593 2.448e-06
12664.2415 2.489e-06
12664.7236 2.529e-06
12665.2057 2.567e-06
12665.6878 2.605e-06
12666.1699 2.643e-06
12666.6520 2.680e-06
12667.1342 2.714e-06
12667.6163 2.748e-06
12668.0984 2.781e-06
12668.5805 2.814e-06
12669.0626 2.845e-06
12669.5447 2.875e-06
12670.0269 2.903e-06
12670.5090 2.931e-06
12670.9911 2.957e-06
12671.4732 2.984e-06
12671.9553 3.007e-06
12672.4374 3.030e-06
12672.9196 3.052e-06
12673.4017 3.072e-06
12673.8838 3.092e-06
12674.3659 3.109e-06
12674.8480 3.127e-06
12675.3301 3.142e-06
12675.8123 3.157e-06
12676.2944 3.170e-06
12676.7765 3.182e-06
12677.2586 3.192e-06
12677.7407 3.202e-06
12678.2228 3.211e-06
12678.7050 3.217e-06
12679.1871 3.224e-06
12679.6692 3.229e-06
12680.1513 3.232e-06
12680.6334 3.235e-06
12681.1155 3.237e-06
12681.5977 3.237e-06
12682.0798 3.237e-06
12682.5619 3.236e-06
12683.0440 3.234e-06
12683.5261 3.229e-06
12684.0082 3.226e-06
12684.4904 3.220e-06
12684.9725 3.214e-06
12685.4546 3.207e-06
12685.9367 3.199e-06
12686.4188 3.190e-06
12686.9009 3.181e-06
12687.3831 3.170e-06
12687.8652 3.159e-06
12688.3473 3.147e-06
12688.8294 3.136e-06
12689.3115 3.122e-06
12689.7936 3.109e-06
12690.2758 3.096e-06
12690.7579 3.081e-06
12691.2400 3.067e-06
12691.7221 3.051e-06
12692.2042 3.035e-06
12692.6863 3.019e-06
12693.1685 3.003e-06
12693.6506 2.986e-06
12694.1327 2.969e-06
12694.6148 2.952e-06
12695.0969 2.935e-06
12695.5790 2.918e-06
12696.0612 2.900e-06
12696.5433 2.882e-06
12697.0254 2.865e-06
12697.5075 2.847e-06
12697.9896 2.829e-06
12698.4717 2.812e-06
12698.9539 2.793e-06
12699.4360 2.776e-06
12699.9181 2.758e-06
12700.4002 2.740e-06
12700.8823 2.723e-06
12701.3644 2.706e-06
12701.8466 2.689e-06
12702.3287 2.673e-06
12702.8108 2.656e-06
12703.2929 2.640e-06
12703.7750 2.624e-06
12704.2571 2.608e-06
12704.7393 2.592e-06
12705.2214 2.578e-06
12705.7035 2.562e-06
12706.1856 2.548e-06
12706.6677 2.534e-06
12707.1498 2.520e-06
12707.6320 2.507e-06
12708.1141 2.493e-06
12708.5962 2.481e-06
12709.0783 2.470e-06
12709.5604 2.458e-06
12710.0425 2.447e-06
12710.5247 2.436e-06
12711.0068 2.425e-06
12711.4889 2.415e-06
12711.9710 2.406e-06
12712.4531 2.398e-06
12712.9352 2.389e-06
12713.4174 2.382e-06
12713.8995 2.374e-06
12714.3816 2.368e-06
12714.8637 2.361e-06
12715.3458 2.356e-06
12715.8280 2.351e-06
12716.3101 2.346e-06
12716.7922 2.342e-06
12717.2743 2.340e-06
12717.7564 2.337e-06
12718.2385 2.336e-06
12718.7206 2.335e-06
12719.2028 2.333e-06
12719.6849 2.333e-06
12720.1670 2.335e-06
12720.6491 2.336e-06
12721.1312 2.339e-06
12721.6133 2.341e-06
12722.0955 2.345e-06
12722.5776 2.351e-06
12723.0597 2.356e-06
12723.5418 2.362e-06
12724.0239 2.370e-06
12724.5060 2.378e-06
12724.9882 2.388e-06
12725.4703 2.398e-06
12725.9524 2.408e-06
12726.4345 2.420e-06
12726.9166 2.435e-06
12727.3988 2.449e-06
12727.8809 2.464e-06
12728.3630 2.481e-06
12728.8451 2.500e-06
12729.3272 2.520e-06
12729.8093 2.541e-06
12730.2915 2.562e-06
12730.7736 2.586e-06
12731.2557 2.611e-06
12731.7378 2.638e-06
12732.2199 2.667e-06
12732.7020 2.695e-06
12733.1841 2.727e-06
12733.6663 2.760e-06
12734.1484 2.796e-06
12734.6305 2.831e-06
12735.1126 2.871e-06
12735.5947 2.912e-06
12736.0768 2.955e-06
12736.5590 3.000e-06
12737.0411 3.045e-06
12737.5232 3.095e-06
12738.0053 3.146e-06
12738.4874 3.200e-06
12738.9695 3.256e-06
12739.4517 3.314e-06
12739.9338 3.375e-06
12740.4159 3.438e-06
12740.8980 3.504e-06
12741.3801 3.573e-06
12741.8623 3.645e-06
12742.3444 3.718e-06
12742.8265 3.795e-06
12743.3086 3.876e-06
12743.7907 3.958e-06
12744.2728 4.044e-06
12744.7550 4.133e-06
12745.2371 4.225e-06
12745.7192 4.320e-06
12746.2013 4.418e-06
12746.6834 4.520e-06
12747.1655 4.624e-06
12747.6477 4.733e-06
12748.1298 4.843e-06
12748.6119 4.959e-06
12749.0940 5.078e-06
12749.5761 5.199e-06
12750.0582 5.325e-06
12750.5403 5.455e-06
12751.0225 5.587e-06
12751.5046 5.724e-06
12751.9867 5.864e-06
12752.4688 6.007e-06
12752.9509 6.155e-06
12753.4330 6.308e-06
12753.9152 6.459e-06
12754.3973 6.622e-06
12754.8794 6.786e-06
12755.3615 6.950e-06
12755.8436 7.120e-06
12756.3257 7.296e-06
12756.8079 7.472e-06
12757.2900 7.655e-06
12757.7721 7.844e-06
12758.2542 8.032e-06
12758.7363 8.227e-06
12759.2185 8.423e-06
12759.7006 8.624e-06
12760.1827 8.832e-06
12760.6648 9.040e-06
12761.1469 9.254e-06
12761.6290 9.468e-06
12762.1112 9.688e-06
12762.5933 9.915e-06
12763.0754 1.014e-05
12763.5575 1.037e-05
12764.0396 1.061e-05
12764.5217 1.085e-05
12765.0038 1.109e-05
12765.4860 1.134e-05
12765.9681 1.159e-05
12766.4502 1.184e-05
12766.9323 1.210e-05
12767.4144 1.236e-05
12767.8965 1.263e-05
12768.3787 1.289e-05
12768.8608 1.316e-05
12769.3429 1.345e-05
12769.8250 1.372e-05
12770.3071 1.400e-05
12770.7892 1.428e-05
12771.2714 1.457e-05
12771.7535 1.486e-05
12772.2356 1.515e-05
12772.7177 1.545e-05
12773.1998 1.574e-05
12773.6820 1.605e-05
12774.1641 1.635e-05
12774.6462 1.667e-05
12775.1283 1.697e-05
12775.6104 1.729e-05
12776.0925 1.761e-05
12776.5747 1.793e-05
12777.0568 1.824e-05
12777.5389 1.857e-05
12778.0210 1.890e-05
12778.5031 1.924e-05
12778.9852 1.956e-05
12779.4674 1.989e-05
12779.9495 2.023e-05
12780.4316 2.057e-05
12780.9137 2.091e-05
12781.3958 2.126e-05
12781.8779 2.160e-05
12782.3600 2.194e-05
12782.8422 2.230e-05
12783.3243 2.266e-05
12783.8064 2.300e-05
12784.2885 2.336e-05
12784.7706 2.371e-05
12785.2527 2.408e-05
12785.7349 2.444e-05
12786.2170 2.481e-05
12786.6991 2.517e-05
12787.1812 2.554e-05
12787.6633 2.591e-05
12788.1454 2.628e-05
12788.6276 2.665e-05
12789.1097 2.704e-05
12789.5918 2.740e-05
12790.0739 2.779e-05
12790.5560 2.817e-05
12791.0382 2.854e-05
12791.5203 2.893e-05
12792.0024 2.932e-05
12792.4845 2.971e-05
12792.9666 3.009e-05
12793.4487 3.049e-05
12793.9309 3.086e-05
12794.4130 3.127e-05
12794.8951 3.166e-05
12795.3772 3.204e-05
12795.8593 3.244e-05
12796.3414 3.285e-05
12796.8235 3.324e-05
12797.3057 3.364e-05
12797.7878 3.404e-05
12798.2699 3.445e-05
12798.7520 3.486e-05
12799.2341 3.526e-05
12799.7162 3.567e-05
12800.1984 3.608e-05
12800.6805 3.649e-05
12801.1626 3.689e-05
12801.6447 3.730e-05
12802.1268 3.771e-05
12802.6089 3.812e-05
12803.0911 3.855e-05
12803.5732 3.896e-05
12804.0553 3.938e-05
12804.5374 3.979e-05
12805.0195 4.021e-05
12805.5017 4.063e-05
12805.9838 4.104e-05
12806.4659 4.147e-05
12806.9480 4.189e-05
12807.4301 4.231e-05
12807.9122 4.274e-05
12808.3944 4.316e-05
12808.8765 4.359e-05
12809.3586 4.401e-05
12809.8407 4.443e-05
12810.3228 4.485e-05
12810.8049 4.528e-05
12811.2871 4.571e-05
12811.7692 4.614e-05
12812.2513 4.656e-05
12812.7334 4.698e-05
12813.2155 4.741e-05
12813.6976 4.784e-05
12814.1797 4.826e-05
12814.6619 4.869e-05
12815.1440 4.911e-05
12815.6261 4.955e-05
12816.1082 4.997e-05
12816.5903 5.039e-05
12817.0724 5.081e-05
12817.5546 5.124e-05
12818.0367 5.166e-05
12818.5188 5.210e-05
12819.0009 5.252e-05
12819.4830 5.294e-05
12819.9651 5.337e-05
12820.4473 5.379e-05
12820.9294 5.420e-05
12821.4115 5.462e-05
12821.8936 5.504e-05
12822.3757 5.547e-05
12822.8579 5.589e-05
12823.3400 5.630e-05
12823.8221 5.672e-05
12824.3042 5.713e-05
12824.7863 5.755e-05
12825.2684 5.796e-05
12825.7506 5.839e-05
12826.2327 5.880e-05
12826.7148 5.921e-05
12827.1969 5.963e-05
12827.6790 6.004e-05
12828.1611 6.045e-05
12828.6432 6.086e-05
12829.1254 6.127e-05
12829.6075 6.168e-05
12830.0896 6.209e-05
12830.5717 6.250e-05
12831.0538 6.291e-05
12831.5359 6.333e-05
12832.0181 6.370e-05
12832.5002 6.415e-05
12832.9823 6.452e-05
12833.4644 6.496e-05
12833.9465 6.534e-05
12834.4286 6.578e-05
12834.9108 6.616e-05
12835.3929 6.660e-05
12835.8750 6.698e-05
12836.3571 6.742e-05
12836.8392 6.780e-05
12837.3214 6.824e-05
12837.8035 6.861e-05
12838.2856 6.906e-05
12838.7677 6.943e-05
12839.2498 6.987e-05
12839.7319 7.025e-05
12840.2141 7.069e-05
12840.6962 7.113e-05
12841.1783 7.151e-05
12841.6604 7.195e-05
12842.1425 7.239e-05
12842.6246 7.283e-05
12843.1068 7.327e-05
12843.5889 7.371e-05
12844.0710 7.409e-05
12844.5531 7.453e-05
12845.0352 7.504e-05
12845.5173 7.548e-05
12845.9994 7.592e-05
12846.4816 7.636e-05
12846.9637 7.680e-05
12847.4458 7.730e-05
12847.9279 7.774e-05
12848.4100 7.825e-05
12848.8921 7.869e-05
12849.3743 7.919e-05
12849.8564 7.969e-05
12850.3385 8.020e-05
12850.8206 8.070e-05
12851.3027 8.120e-05
12851.7849 8.171e-05
12852.2670 8.221e-05
12852.7491 8.278e-05
12853.2312 8.328e-05
12853.7133 8.385e-05
12854.1954 8.435e-05
12854.6776 8.492e-05
12855.1597 8.549e-05
12855.6418 8.605e-05
12856.1239 8.668e-05
12856.6060 8.725e-05
12857.0881 8.781e-05
12857.5703 8.844e-05
12858.0524 8.907e-05
12858.5345 8.970e-05
12859.0166 9.033e-05
12859.4987 9.096e-05
12859.9808 9.159e-05
12860.4630 9.228e-05
12860.9451 9.298e-05
12861.4272 9.361e-05
12861.9093 9.430e-05
12862.3914 9.499e-05
12862.8735 9.575e-05
12863.3557 9.644e-05
12863.8378 9.719e-05
12864.3199 9.795e-05
12864.8020 9.870e-05
12865.2841 9.946e-05
12865.7662 1.002e-04
12866.2484 1.010e-04
12866.7305 1.018e-04
12867.2126 1.026e-04
12867.6947 1.034e-04
12868.1768 1.042e-04
12868.6589 1.051e-04
12869.1411 1.059e-04
12869.6232 1.068e-04
12870.1053 1.077e-04
12870.5874 1.086e-04
12871.0695 1.095e-04
12871.5516 1.104e-04
12872.0338 1.113e-04
12872.5159 1.122e-04
12872.9980 1.131e-04
12873.4801 1.141e-04
12873.9622 1.150e-04
12874.4443 1.160e-04
12874.9265 1.170e-04
12875.4086 1.180e-04
12875.8907 1.190e-04
12876.3728 1.200e-04
12876.8549 1.210e-04
12877.3370 1.220e-04
12877.8192 1.231e-04
12878.3013 1.241e-04
12878.7834 1.251e-04
12879.2655 1.262e-04
12879.7476 1.273e-04
12880.2297 1.284e-04
12880.7119 1.294e-04
12881.1940 1.306e-04
12881.6761 1.316e-04
12882.1582 1.327e-04
12882.6403 1.339e-04
12883.1224 1.350e-04
12883.6046 1.362e-04
12884.0867 1.374e-04
12884.5688 1.384e-04
12885.0509 1.396e-04
12885.5330 1.408e-04
12886.0151 1.420e-04
12886.4973 1.431e-04
12886.9794 1.443e-04
12887.4615 1.455e-04
12887.9436 1.467e-04
12888.4257 1.481e-04
12888.9078 1.493e-04
12889.3900 1.504e-04
12889.8721 1.516e-04
12890.3542 1.530e-04
12890.8363 1.542e-04
12891.3184 1.555e-04
12891.8005 1.566e-04
12892.2827 1.579e-04
12892.7648 1.593e-04
12893.2469 1.605e-04
12893.7290 1.618e-04
12894.2111 1.631e-04
12894.6932 1.644e-04
12895.1754 1.657e-04
12895.6575 1.671e-04
12896.1396 1.684e-04
12896.6217 1.697e-04
12897.1038 1.710e-04
12897.5859 1.724e-04
12898.0681 1.737e-04
12898.5502 1.752e-04
12899.0323 1.764e-04
12899.5144 1.778e-04
12899.9965 1.793e-04
12900.4786 1.806e-04
12900.9608 1.820e-04
12901.4429 1.836e-04
12901.9250 1.852e-04
12902.4071 1.868e-04
12902.8892 1.885e-04
12903.3713 1.902e-04
12903.8535 1.918e-04
12904.3356 1.935e-04
12904.8177 1.953e-04
12905.2998 1.972e-04
12905.7819 1.989e-04
12906.2640 2.007e-04
12906.7462 2.025e-04
12907.2283 2.045e-04
12907.7104 2.063e-04
12908.1925 2.083e-04
12908.6746 2.101e-04
12909.1567 2.121e-04
12909.6389 2.142e-04
12910.1210 2.162e-04
12910.6031 2.182e-04
12911.0852 2.203e-04
12911.5673 2.224e-04
12912.0494 2.245e-04
12912.5316 2.266e-04
12913.0137 2.289e-04
12913.4958 2.311e-04
12913.9779 2.334e-04
12914.4600 2.356e-04
12914.9421 2.378e-04
12915.4243 2.402e-04
12915.9064 2.425e-04
12916.3885 2.449e-04
12916.8706 2.473e-04
12917.3527 2.498e-04
12917.8348 2.522e-04
12918.3170 2.547e-04
12918.7991 2.571e-04
12919.2812 2.597e-04
12919.7633 2.622e-04
12920.2454 2.649e-04
12920.7275 2.675e-04
12921.2097 2.701e-04
12921.6918 2.727e-04
12922.1739 2.755e-04
12922.6560 2.780e-04
12923.1381 2.809e-04
12923.6202 2.835e-04
12924.1024 2.863e-04
12924.5845 2.891e-04
12925.0666 2.919e-04
12925.5487 2.949e-04
12926.0308 2.977e-04
12926.5129 3.006e-04
12926.9951 3.035e-04
12927.4772 3.064e-04
12927.9593 3.095e-04
12928.4414 3.124e-04
12928.9235 3.154e-04
12929.4056 3.185e-04
12929.8878 3.215e-04
12930.3699 3.246e-04
12930.8520 3.278e-04
12931.3341 3.309e-04
12931.8162 3.340e-04
12932.2983 3.372e-04
12932.7805 3.404e-04
12933.2626 3.436e-04
12933.7447 3.470e-04
12934.2268 3.502e-04
12934.7089 3.535e-04
12935.1910 3.568e-04
12935.6732 3.602e-04
12936.1553 3.636e-04
12936.6374 3.670e-04
12937.1195 3.704e-04
12937.6016 3.740e-04
12938.0837 3.774e-04
12938.5659 3.810e-04
12939.0480 3.845e-04
12939.5301 3.881e-04
12940.0122 3.917e-04
12940.4943 3.954e-04
12940.9764 3.991e-04
12941.4586 4.029e-04
12941.9407 4.066e-04
12942.4228 4.104e-04
12942.9049 4.142e-04
12943.3870 4.181e-04
12943.8691 4.221e-04
12944.3513 4.260e-04
12944.8334 4.300e-04
12945.3155 4.340e-04
12945.7976 4.380e-04
12946.2797 4.422e-04
12946.7618 4.463e-04
12947.2440 4.505e-04
12947.7261 4.548e-04
12948.2082 4.591e-04
12948.6903 4.634e-04
12949.1724 4.678e-04
12949.6545 4.722e-04
12950.1367 4.768e-04
12950.6188 4.814e-04
12951.1009 4.859e-04
12951.5830 4.906e-04
12952.0651 4.953e-04
12952.5472 5.001e-04
12953.0294 5.050e-04
12953.5115 5.098e-04
12953.9936 5.148e-04
12954.4757 5.198e-04
12954.9578 5.249e-04
12955.4399 5.300e-04
12955.9221 5.352e-04
12956.4042 5.405e-04
12956.8863 5.458e-04
12957.3684 5.512e-04
12957.8505 5.568e-04
12958.3327 5.621e-04
12958.8148 5.679e-04
12959.2969 5.735e-04
12959.7790 5.792e-04
12960.2611 5.851e-04
12960.7432 5.910e-04
12961.2254 5.969e-04
12961.7075 6.030e-04
12962.1896 6.092e-04
12962.6717 6.153e-04
12963.1538 6.215e-04
12963.6359 6.279e-04
12964.1180 6.339e-04
12964.6002 6.408e-04
12965.0823 6.471e-04
12965.5644 6.540e-04
12966.0465 6.603e-04
12966.5286 6.673e-04
12967.0107 6.742e-04
12967.4929 6.811e-04
12967.9750 6.880e-04
12968.4571 6.950e-04
12968.9392 7.025e-04
12969.4213 7.094e-04
12969.9034 7.170e-04
12970.3856 7.245e-04
12970.8677 7.315e-04
12971.3498 7.390e-04
12971.8319 7.466e-04
12972.3140 7.541e-04
12972.7962 7.623e-04
12973.2783 7.699e-04
12973.7604 7.774e-04
12974.2425 7.856e-04
12974.7246 7.938e-04
12975.2067 8.020e-04
12975.6889 8.102e-04
12976.1710 8.183e-04
12976.6531 8.265e-04
12977.1352 8.347e-04
12977.6173 8.429e-04
12978.0994 8.517e-04
12978.5816 8.605e-04
12979.0637 8.687e-04
12979.5458 8.775e-04
12980.0279 8.863e-04
12980.5100 8.951e-04
12980.9921 9.040e-04
12981.4742 9.128e-04
12981.9564 9.222e-04
12982.4385 9.310e-04
12982.9206 9.405e-04
12983.4027 9.493e-04
12983.8848 9.587e-04
12984.3669 9.682e-04
12984.8491 9.776e-04
12985.3312 9.870e-04
12985.8133 9.965e-04
12986.2954 1.007e-03
12986.7775 1.016e-03
12987.2596 1.026e-03
12987.7418 1.036e-03
12988.2239 1.046e-03
12988.7060 1.056e-03
12989.1881 1.066e-03
12989.6702 1.076e-03
12990.1524 1.087e-03
12990.6345 1.097e-03
12991.1166 1.108e-03
12991.5987 1.119e-03
12992.0808 1.129e-03
12992.5629 1.140e-03
12993.0451 1.151e-03
12993.5272 1.162e-03
12994.0093 1.173e-03
12994.4914 1.185e-03
12994.9735 1.197e-03
12995.4556 1.208e-03
12995.9377 1.220e-03
12996.4199 1.232e-03
12996.9020 1.244e-03
12997.3841 1.256e-03
12997.8662 1.269e-03
12998.3483 1.282e-03
12998.8304 1.294e-03
12999.3126 1.307e-03
12999.7947 1.321e-03
13000.2768 1.334e-03
13000.7589 1.348e-03
13001.2410 1.362e-03
13001.7231 1.376e-03
13002.2053 1.391e-03
13002.6874 1.405e-03
13003.1695 1.420e-03
13003.6516 1.435e-03
13004.1337 1.451e-03
13004.6159 1.467e-03
13005.0980 1.482e-03
13005.5801 1.499e-03
13006.0622 1.516e-03
13006.5443 1.533e-03
13007.0264 1.550e-03
13007.5086 1.568e-03
13007.9907 1.586e-03
13008.4728 1.605e-03
13008.9549 1.623e-03
13009.4370 1.642e-03
13009.9191 1.662e-03
13010.4013 1.683e-03
13010.8834 1.703e-03
13011.3655 1.724e-03
13011.8476 1.746e-03
13012.3297 1.768e-03
13012.8118 1.790e-03
13013.2939 1.813e-03
13013.7761 1.837e-03
13014.2582 1.860e-03
13014.7403 1.885e-03
13015.2224 1.910e-03
13015.7045 1.935e-03
13016.1866 1.962e-03
13016.6688 1.988e-03
13017.1509 2.015e-03
13017.6330 2.043e-03
13018.1151 2.071e-03
13018.5972 2.100e-03
13019.0793 2.130e-03
13019.5615 2.160e-03
13020.0436 2.191e-03
13020.5257 2.222e-03
13021.0078 2.255e-03
13021.4899 2.287e-03
13021.9721 2.320e-03
13022.4542 2.354e-03
13022.9363 2.389e-03
13023.4184 2.424e-03
13023.9005 2.461e-03
13024.3826 2.497e-03
13024.8648 2.534e-03
13025.3469 2.573e-03
13025.8290 2.611e-03
13026.3111 2.651e-03
13026.7932 2.690e-03
13027.2753 2.732e-03
13027.7574 2.774e-03
13028.2396 2.816e-03
13028.7217 2.859e-03
13029.2038 2.901e-03
13029.6859 2.946e-03
13030.1680 2.991e-03
13030.6501 3.036e-03
13031.1323 3.083e-03
13031.6144 3.130e-03
13032.0965 3.177e-03
13032.5786 3.225e-03
13033.0607 3.273e-03
13033.5428 3.323e-03
13034.0250 3.373e-03
13034.5071 3.423e-03
13034.9892 3.474e-03
13035.4713 3.526e-03
13035.9534 3.580e-03
13036.4356 3.632e-03
13036.9177 3.685e-03
13037.3998 3.740e-03
13037.8819 3.794e-03
13038.3640 3.849e-03
13038.8461 3.905e-03
13039.3283 3.961e-03
13039.8104 4.016e-03
13040.2925 4.074e-03
13040.7746 4.130e-03
13041.2567 4.189e-03
13041.7388 4.247e-03
13042.2210 4.305e-03
13042.7031 4.363e-03
13043.1852 4.422e-03
13043.6673 4.481e-03
13044.1494 4.541e-03
13044.6315 4.601e-03
13045.1136 4.661e-03
13045.5958 4.721e-03
13046.0779 4.780e-03
13046.5600 4.841e-03
13047.0421 4.901e-03
13047.5242 4.961e-03
13048.0063 5.022e-03
13048.4885 5.082e-03
13048.9706 5.143e-03
13049.4527 5.202e-03
13049.9348 5.263e-03
13050.4169 5.323e-03
13050.8990 5.383e-03
13051.3812 5.443e-03
13051.8633 5.502e-03
13052.3454 5.562e-03
13052.8275 5.621e-03
13053.3096 5.679e-03
13053.7918 5.739e-03
13054.2739 5.796e-03
13054.7560 5.853e-03
13055.2381 5.911e-03
13055.7202 5.968e-03
13056.2023 6.024e-03
13056.6845 6.081e-03
13057.1666 6.135e-03
13057.6487 6.190e-03
13058.1308 6.245e-03
13058.6129 6.295e-03
13059.0950 6.352e-03
13059.5771 6.402e-03
13060.0593 6.452e-03
13060.5414 6.503e-03
13061.0235 6.553e-03
13061.5056 6.603e-03
13061.9877 6.654e-03
13062.4698 6.698e-03
13062.9520 6.748e-03
13063.4341 6.792e-03
13063.9162 6.836e-03
13064.3983 6.880e-03
13064.8804 6.924e-03
13065.3625 6.969e-03
13065.8447 7.006e-03
13066.3268 7.044e-03
13066.8089 7.088e-03
13067.2910 7.120e-03
13067.7731 7.157e-03
13068.2553 7.195e-03
13068.7374 7.227e-03
13069.2195 7.264e-03
13069.7016 7.296e-03
13070.1837 7.327e-03
13070.6658 7.359e-03
13071.1480 7.384e-03
13071.6301 7.415e-03
13072.1122 7.441e-03
13072.5943 7.466e-03
13073.0764 7.491e-03
13073.5585 7.516e-03
13074.0407 7.535e-03
13074.5228 7.554e-03
13075.0049 7.579e-03
13075.4870 7.598e-03
13075.9691 7.611e-03
13076.4512 7.629e-03
13076.9333 7.642e-03
13077.4155 7.655e-03
13077.8976 7.667e-03
13078.3797 7.680e-03
13078.8618 7.692e-03
13079.3439 7.699e-03
13079.8260 7.711e-03
13080.3082 7.718e-03
13080.7903 7.724e-03
13081.2724 7.730e-03
13081.7545 7.730e-03
13082.2366 7.736e-03
13082.7188 7.736e-03
13083.2009 7.736e-03
13083.6830 7.736e-03
13084.1651 7.736e-03
13084.6472 7.736e-03
13085.1293 7.730e-03
13085.6115 7.730e-03
13086.0936 7.724e-03
13086.5757 7.718e-03
13087.0578 7.711e-03
13087.5399 7.705e-03
13088.0220 7.692e-03
13088.5042 7.686e-03
13088.9863 7.680e-03
13089.4684 7.667e-03
13089.9505 7.655e-03
13090.4326 7.648e-03
13090.9147 7.636e-03
13091.3968 7.623e-03
13091.8790 7.604e-03
13092.3611 7.592e-03
13092.8432 7.579e-03
13093.3253 7.567e-03
13093.8074 7.548e-03
13094.2895 7.535e-03
13094.7717 7.522e-03
13095.2538 7.504e-03
13095.7359 7.485e-03
13096.2180 7.472e-03
13096.7001 7.453e-03
13097.1822 7.434e-03
13097.6644 7.422e-03
13098.1465 7.403e-03
13098.6286 7.384e-03
13099.1107 7.371e-03
13099.5928 7.352e-03
13100.0750 7.334e-03
13100.5571 7.315e-03
13101.0392 7.296e-03
13101.5213 7.283e-03
13102.0034 7.264e-03
13102.4855 7.245e-03
13102.9677 7.227e-03
13103.4498 7.214e-03
13103.9319 7.195e-03
13104.4140 7.176e-03
13104.8961 7.164e-03
13105.3782 7.145e-03
13105.8604 7.132e-03
13106.3425 7.113e-03
13106.8246 7.101e-03
13107.3067 7.082e-03
13107.7888 7.069e-03
13108.2709 7.057e-03
13108.7531 7.044e-03
13109.2352 7.031e-03
13109.7173 7.013e-03
13110.1994 7.006e-03
13110.6815 6.987e-03
13111.1636 6.981e-03
13111.6458 6.969e-03
13112.1279 6.956e-03
13112.6100 6.943e-03
13113.0921 6.937e-03
13113.5742 6.924e-03
13114.0563 6.918e-03
13114.5385 6.912e-03
13115.0206 6.899e-03
13115.5027 6.893e-03
13115.9848 6.887e-03
13116.4669 6.880e-03
13116.9490 6.874e-03
13117.4312 6.868e-03
13117.9133 6.861e-03
13118.3954 6.861e-03
13118.8775 6.855e-03
13119.3596 6.849e-03
13119.8417 6.849e-03
13120.3239 6.843e-03
13120.8060 6.843e-03
13121.2881 6.836e-03
13121.7702 6.836e-03
13122.2523 6.836e-03
13122.7344 6.836e-03
13123.2166 6.836e-03
13123.6987 6.830e-03
13124.1808 6.830e-03
13124.6629 6.830e-03
13125.1450 6.830e-03
13125.6271 6.836e-03
13126.1093 6.836e-03
13126.5914 6.836e-03
13127.0735 6.836e-03
13127.5556 6.836e-03
13128.0377 6.836e-03
13128.5198 6.843e-03
13129.0020 6.843e-03
13129.4841 6.843e-03
13129.9662 6.843e-03
13130.4483 6.849e-03
13130.9304 6.849e-03
13131.4125 6.849e-03
13131.8947 6.855e-03
13132.3768 6.855e-03
13132.8589 6.855e-03
13133.3410 6.855e-03
13133.8231 6.855e-03
13134.3052 6.861e-03
13134.7874 6.861e-03
13135.2695 6.861e-03
13135.7516 6.861e-03
13136.2337 6.861e-03
13136.7158 6.861e-03
13137.1979 6.861e-03
13137.6801 6.855e-03
13138.1622 6.855e-03
13138.6443 6.855e-03
13139.1264 6.855e-03
13139.6085 6.849e-03
13140.0906 6.849e-03
13140.5728 6.843e-03
13141.0549 6.843e-03
13141.5370 6.836e-03
13142.0191 6.830e-03
13142.5012 6.824e-03
13142.9833 6.817e-03
13143.4655 6.811e-03
13143.9476 6.799e-03
13144.4297 6.792e-03
13144.9118 6.786e-03
13145.3939 6.773e-03
13145.8760 6.767e-03
13146.3582 6.754e-03
13146.8403 6.742e-03
13147.3224 6.729e-03
13147.8045 6.717e-03
13148.2866 6.704e-03
13148.7687 6.685e-03
13149.2509 6.673e-03
13149.7330 6.654e-03
13150.2151 6.635e-03
13150.6972 6.622e-03
13151.1793 6.603e-03
13151.6614 6.585e-03
13152.1436 6.559e-03
13152.6257 6.540e-03
13153.1078 6.515e-03
13153.5899 6.496e-03
13154.0720 6.471e-03
13154.5541 6.446e-03
13155.0363 6.421e-03
13155.5184 6.396e-03
13156.0005 6.370e-03
13156.4826 6.345e-03
13156.9647 6.314e-03
13157.4468 6.286e-03
13157.9290 6.257e-03
13158.4111 6.226e-03
13158.8932 6.194e-03
13159.3753 6.162e-03
13159.8574 6.130e-03
13160.3395 6.096e-03
13160.8217 6.063e-03
13161.3038 6.028e-03
13161.7859 5.993e-03
13162.2680 5.957e-03
13162.7501 5.920e-03
13163.2322 5.883e-03
13163.7144 5.845e-03
13164.1965 5.807e-03
13164.6786 5.768e-03
13165.1607 5.729e-03
13165.6428 5.689e-03
13166.1249 5.649e-03
13166.6071 5.609e-03
13167.0892 5.567e-03
13167.5713 5.526e-03
13168.0534 5.484e-03
13168.5355 5.442e-03
13169.0176 5.399e-03
13169.4998 5.356e-03
13169.9819 5.313e-03
13170.4640 5.269e-03
13170.9461 5.225e-03
13171.4282 5.181e-03
13171.9103 5.137e-03
13172.3925 5.093e-03
13172.8746 5.049e-03
13173.3567 5.003e-03
13173.8388 4.959e-03
13174.3209 4.914e-03
13174.8030 4.868e-03
13175.2852 4.824e-03
13175.7673 4.778e-03
13176.2494 4.734e-03
13176.7315 4.689e-03
13177.2136 4.644e-03
13177.6957 4.599e-03
13178.1779 4.555e-03
13178.6600 4.510e-03
13179.1421 4.465e-03
13179.6242 4.421e-03
13180.1063 4.378e-03
13180.5884 4.334e-03
13181.0706 4.291e-03
13181.5527 4.247e-03
13182.0348 4.204e-03
13182.5169 4.162e-03
13182.9990 4.119e-03
13183.4811 4.076e-03
13183.9633 4.034e-03
13184.4454 3.994e-03
13184.9275 3.953e-03
13185.4096 3.912e-03
13185.8917 3.871e-03
13186.3738 3.832e-03
13186.8560 3.793e-03
13187.3381 3.754e-03
13187.8202 3.715e-03
13188.3023 3.678e-03
13188.7844 3.640e-03
13189.2665 3.603e-03
13189.7487 3.567e-03
13190.2308 3.531e-03
13190.7129 3.496e-03
13191.1950 3.462e-03
13191.6771 3.428e-03
13192.1592 3.394e-03
13192.6414 3.360e-03
13193.1235 3.328e-03
13193.6056 3.295e-03
13194.0877 3.263e-03
13194.5698 3.233e-03
13195.0519 3.202e-03
13195.5341 3.173e-03
13196.0162 3.144e-03
13196.4983 3.115e-03
13196.9804 3.087e-03
13197.4625 3.059e-03
13197.9446 3.034e-03
13198.4268 3.006e-03
13198.9089 2.980e-03
13199.3910 2.955e-03
13199.8731 2.931e-03
13200.3552 2.907e-03
13200.8373 2.884e-03
13201.3195 2.860e-03
13201.8016 2.839e-03
13202.2837 2.816e-03
13202.7658 2.796e-03
13203.2479 2.774e-03
13203.7301 2.754e-03
13204.2122 2.735e-03
13204.6943 2.715e-03
13205.1764 2.696e-03
13205.6585 2.679e-03
13206.1406 2.660e-03
13206.6228 2.644e-03
13207.1049 2.628e-03
13207.5870 2.610e-03
13208.0691 2.595e-03
13208.5512 2.578e-03
13209.0333 2.565e-03
13209.5155 2.549e-03
13209.9976 2.535e-03
13210.4797 2.522e-03
13210.9618 2.508e-03
13211.4439 2.495e-03
13211.9260 2.483e-03
13212.4081 2.471e-03
13212.8903 2.458e-03
13213.3724 2.446e-03
13213.8545 2.435e-03
13214.3366 2.424e-03
13214.8187 2.413e-03
13215.3008 2.402e-03
13215.7830 2.393e-03
13216.2651 2.382e-03
13216.7472 2.373e-03
13217.2293 2.364e-03
13217.7114 2.354e-03
13218.1935 2.345e-03
13218.6757 2.337e-03
13219.1578 2.329e-03
13219.6399 2.320e-03
13220.1220 2.312e-03
13220.6041 2.303e-03
13221.0863 2.295e-03
13221.5684 2.288e-03
13222.0505 2.280e-03
13222.5326 2.272e-03
13223.0147 2.266e-03
13223.4968 2.257e-03
13223.9790 2.251e-03
13224.4611 2.244e-03
13224.9432 2.237e-03
13225.4253 2.230e-03
13225.9074 2.223e-03
13226.3895 2.217e-03
13226.8716 2.210e-03
13227.3538 2.203e-03
13227.8359 2.197e-03
13228.3180 2.190e-03
13228.8001 2.184e-03
13229.2822 2.177e-03
13229.7643 2.172e-03
13230.2465 2.164e-03
13230.7286 2.158e-03
13231.2107 2.152e-03
13231.6928 2.145e-03
13232.1749 2.139e-03
13232.6570 2.133e-03
13233.1392 2.127e-03
13233.6213 2.121e-03
13234.1034 2.114e-03
13234.5855 2.108e-03
13235.0676 2.101e-03
13235.5498 2.094e-03
13236.0319 2.088e-03
13236.5140 2.082e-03
13236.9961 2.076e-03
13237.4782 2.069e-03
13237.9603 2.063e-03
13238.4425 2.057e-03
13238.9246 2.050e-03
13239.4067 2.043e-03
13239.8888 2.038e-03
13240.3709 2.030e-03
13240.8530 2.024e-03
13241.3352 2.017e-03
13241.8173 2.011e-03
13242.2994 2.003e-03
13242.7815 1.997e-03
13243.2636 1.991e-03
13243.7457 1.984e-03
13244.2278 1.978e-03
13244.7100 1.970e-03
13245.1921 1.964e-03
13245.6742 1.956e-03
13246.1563 1.950e-03
13246.6384 1.943e-03
13247.1205 1.936e-03
13247.6027 1.930e-03
13248.0848 1.922e-03
13248.5669 1.916e-03
13249.0490 1.909e-03
13249.5311 1.902e-03
13250.0132 1.895e-03
13250.4954 1.888e-03
13250.9775 1.881e-03
13251.4596 1.875e-03
13251.9417 1.868e-03
13252.4238 1.860e-03
13252.9060 1.854e-03
13253.3881 1.847e-03
13253.8702 1.840e-03
13254.3523 1.834e-03
13254.8344 1.827e-03
13255.3165 1.819e-03
13255.7987 1.814e-03
13256.2808 1.806e-03
13256.7629 1.799e-03
13257.2450 1.793e-03
13257.7271 1.786e-03
13258.2092 1.779e-03
13258.6913 1.773e-03
13259.1735 1.766e-03
13259.6556 1.759e-03
13260.1377 1.753e-03
13260.6198 1.746e-03
13261.1019 1.739e-03
13261.5840 1.734e-03
13262.0662 1.727e-03
13262.5483 1.721e-03
13263.0304 1.714e-03
13263.5125 1.707e-03
13263.9946 1.702e-03
13264.4767 1.695e-03
13264.9589 1.689e-03
13265.4410 1.682e-03
13265.9231 1.675e-03
13266.4052 1.670e-03
13266.8873 1.663e-03
13267.3695 1.657e-03
13267.8516 1.651e-03
13268.3337 1.645e-03
13268.8158 1.639e-03
13269.2979 1.633e-03
13269.7800 1.627e-03
13270.2622 1.621e-03
13270.7443 1.614e-03
13271.2264 1.609e-03
13271.7085 1.602e-03
13272.1906 1.597e-03
13272.6727 1.590e-03
13273.1549 1.585e-03
13273.6370 1.580e-03
13274.1191 1.573e-03
13274.6012 1.568e-03
13275.0833 1.561e-03
13275.5654 1.556e-03
13276.0475 1.551e-03
13276.5297 1.545e-03
13277.0118 1.539e-03
13277.4939 1.533e-03
13277.9760 1.528e-03
13278.4581 1.522e-03
13278.9402 1.516e-03
13279.4224 1.511e-03
13279.9045 1.506e-03
13280.3866 1.500e-03
13280.8687 1.494e-03
13281.3508 1.489e-03
13281.8329 1.484e-03
13282.3151 1.478e-03
13282.7972 1.473e-03
13283.2793 1.467e-03
13283.7614 1.462e-03
13284.2435 1.457e-03
13284.7257 1.451e-03
13285.2078 1.446e-03
13285.6899 1.440e-03
13286.1720 1.435e-03
13286.6541 1.430e-03
13287.1362 1.425e-03
13287.6184 1.419e-03
13288.1005 1.414e-03
13288.5826 1.409e-03
13289.0647 1.403e-03
13289.5468 1.398e-03
13290.0289 1.393e-03
13290.5110 1.388e-03
13290.9932 1.382e-03
13291.4753 1.377e-03
13291.9574 1.372e-03
13292.4395 1.367e-03
13292.9216 1.362e-03
13293.4037 1.357e-03
13293.8859 1.352e-03
13294.3680 1.346e-03
13294.8501 1.341e-03
13295.3322 1.336e-03
13295.8143 1.331e-03
13296.2964 1.326e-03
13296.7786 1.321e-03
13297.2607 1.316e-03
13297.7428 1.311e-03
13298.2249 1.306e-03
13298.7070 1.301e-03
13299.1892 1.296e-03
13299.6713 1.291e-03
13300.1534 1.286e-03
13300.6355 1.281e-03
13301.1176 1.277e-03
13301.5997 1.272e-03
13302.0819 1.267e-03
13302.5640 1.262e-03
13303.0461 1.257e-03
13303.5282 1.252e-03
13304.0103 1.248e-03
13304.4924 1.243e-03
13304.9746 1.238e-03
13305.4567 1.233e-03
13305.9388 1.229e-03
13306.4209 1.224e-03
13306.9030 1.219e-03
13307.3851 1.215e-03
13307.8672 1.210e-03
13308.3494 1.205e-03
13308.8315 1.201e-03
13309.3136 1.197e-03
13309.7957 1.192e-03
13310.2778 1.188e-03
13310.7599 1.183e-03
13311.2421 1.179e-03
13311.7242 1.175e-03
13312.2063 1.170e-03
13312.6884 1.166e-03
13313.1705 1.161e-03
13313.6526 1.157e-03
13314.1348 1.153e-03
13314.6169 1.149e-03
13315.0990 1.144e-03
13315.5811 1.141e-03
13316.0632 1.136e-03
13316.5454 1.132e-03
13317.0275 1.128e-03
13317.5096 1.124e-03
13317.9917 1.121e-03
13318.4738 1.116e-03
13318.9559 1.112e-03
13319.4381 1.109e-03
13319.9202 1.105e-03
13320.4023 1.101e-03
13320.8844 1.097e-03
13321.3665 1.093e-03
13321.8486 1.089e-03
13322.3307 1.085e-03
13322.8129 1.082e-03
13323.2950 1.078e-03
13323.7771 1.075e-03
13324.2592 1.071e-03
13324.7413 1.067e-03
13325.2234 1.064e-03
13325.7056 1.060e-03
13326.1877 1.056e-03
13326.6698 1.053e-03
13327.1519 1.049e-03
13327.6340 1.046e-03
13328.1161 1.042e-03
13328.5983 1.039e-03
13329.0804 1.036e-03
13329.5625 1.032e-03
13330.0446 1.029e-03
13330.5267 1.025e-03
13331.0089 1.022e-03
13331.4910 1.019e-03
13331.9731 1.015e-03
13332.4552 1.012e-03
13332.9373 1.008e-03
13333.4194 1.005e-03
13333.9016 1.002e-03
13334.3837 9.990e-04
13334.8658 9.952e-04
13335.3479 9.921e-04
13335.8300 9.889e-04
13336.3121 9.858e-04
13336.7943 9.826e-04
13337.2764 9.795e-04
13337.7585 9.763e-04
13338.2406 9.732e-04
13338.7227 9.694e-04
13339.2048 9.669e-04
13339.6869 9.631e-04
13340.1691 9.600e-04
13340.6512 9.568e-04
13341.1333 9.537e-04
13341.6154 9.505e-04
13342.0975 9.474e-04
13342.5796 9.442e-04
13343.0618 9.411e-04
13343.5439 9.379e-04
13344.0260 9.348e-04
13344.5081 9.317e-04
13344.9902 9.285e-04
13345.4724 9.254e-04
13345.9545 9.222e-04
13346.4366 9.191e-04
13346.9187 9.159e-04
13347.4008 9.128e-04
13347.8829 9.096e-04
13348.3651 9.065e-04
13348.8472 9.033e-04
13349.3293 9.002e-04
13349.8114 8.970e-04
13350.2935 8.939e-04
13350.7756 8.907e-04
13351.2578 8.870e-04
13351.7399 8.838e-04
13352.2220 8.807e-04
13352.7041 8.775e-04
13353.1862 8.744e-04
13353.6683 8.712e-04
13354.1505 8.681e-04
13354.6326 8.649e-04
13355.1147 8.618e-04
13355.5968 8.586e-04
13356.0789 8.549e-04
13356.5610 8.517e-04
13357.0432 8.486e-04
13357.5253 8.454e-04
13358.0074 8.423e-04
13358.4895 8.391e-04
13358.9716 8.360e-04
13359.4537 8.328e-04
13359.9359 8.290e-04
13360.4180 8.259e-04
13360.9001 8.227e-04
13361.3822 8.196e-04
13361.8643 8.158e-04
13362.3464 8.127e-04
13362.8286 8.095e-04
13363.3107 8.064e-04
13363.7928 8.032e-04
13364.2749 7.995e-04
13364.7570 7.963e-04
13365.2391 7.932e-04
13365.7213 7.900e-04
13366.2034 7.869e-04
13366.6855 7.831e-04
13367.1676 7.799e-04
13367.6497 7.768e-04
13368.1318 7.736e-04
13368.6140 7.699e-04
13369.0961 7.667e-04
13369.5782 7.636e-04
13370.0603 7.604e-04
13370.5424 7.567e-04
13371.0245 7.535e-04
13371.5067 7.504e-04
13371.9888 7.472e-04
13372.4709 7.441e-04
13372.9530 7.403e-04
13373.4351 7.371e-04
13373.9172 7.340e-04
13374.3994 7.302e-04
13374.8815 7.271e-04
13375.3636 7.239e-04
13375.8457 7.208e-04
13376.3278 7.176e-04
13376.8099 7.145e-04
13377.2921 7.107e-04
13377.7742 7.076e-04
13378.2563 7.044e-04
13378.7384 7.013e-04
13379.2205 6.975e-04
13379.7026 6.943e-04
13380.1848 6.912e-04
13380.6669 6.880e-04
13381.1490 6.849e-04
13381.6311 6.811e-04
13382.1132 6.780e-04
13382.5953 6.748e-04
13383.0775 6.717e-04
13383.5596 6.685e-04
13384.0417 6.654e-04
13384.5238 6.622e-04
13385.0059 6.585e-04
13385.4880 6.553e-04
13385.9702 6.522e-04
13386.4523 6.490e-04
13386.9344 6.459e-04
13387.4165 6.427e-04
13387.8986 6.396e-04
13388.3807 6.364e-04
13388.8629 6.333e-04
13389.3450 6.301e-04
13389.8271 6.267e-04
13390.3092 6.236e-04
13390.7913 6.203e-04
13391.2734 6.171e-04
13391.7556 6.140e-04
13392.2377 6.109e-04
13392.7198 6.077e-04
13393.2019 6.046e-04
13393.6840 6.015e-04
13394.1661 5.983e-04
13394.6483 5.952e-04
13395.1304 5.921e-04
13395.6125 5.890e-04
13396.0946 5.859e-04
13396.5767 5.828e-04
13397.0588 5.797e-04
13397.5410 5.767e-04
13398.0231 5.737e-04
13398.5052 5.705e-04
13398.9873 5.676e-04
13399.4694 5.645e-04
13399.9515 5.615e-04
13400.4337 5.586e-04
13400.9158 5.556e-04
13401.3979 5.524e-04
13401.8800 5.495e-04
13402.3621 5.465e-04
13402.8442 5.436e-04
13403.3264 5.407e-04
13403.8085 5.378e-04
13404.2906 5.348e-04
13404.7727 5.320e-04
13405.2548 5.290e-04
13405.7369 5.262e-04
13406.2191 5.234e-04
13406.7012 5.205e-04
13407.1833 5.177e-04
13407.6654 5.149e-04
13408.1475 5.121e-04
13408.6296 5.093e-04
13409.1118 5.064e-04
13409.5939 5.038e-04
13410.0760 5.010e-04
13410.5581 4.983e-04
13411.0402 4.956e-04
13411.5223 4.930e-04
13412.0045 4.903e-04
13412.4866 4.877e-04
13412.9687 4.850e-04
13413.4508 4.823e-04
13413.9329 4.798e-04
13414.4150 4.772e-04
13414.8972 4.747e-04
13415.3793 4.722e-04
13415.8614 4.697e-04
13416.3435 4.672e-04
13416.8256 4.647e-04
13417.3077 4.622e-04
13417.7899 4.598e-04
13418.2720 4.574e-04
13418.7541 4.551e-04
13419.2362 4.527e-04
13419.7183 4.504e-04
13420.2004 4.481e-04
13420.6826 4.457e-04
13421.1647 4.435e-04
13421.6468 4.413e-04
13422.1289 4.390e-04
13422.6110 4.368e-04
13423.0931 4.347e-04
13423.5753 4.325e-04
13424.0574 4.304e-04
13424.5395 4.282e-04
13425.0216 4.261e-04
13425.5037 4.241e-04
13425.9858 4.220e-04
13426.4680 4.200e-04
13426.9501 4.180e-04
13427.4322 4.160e-04
13427.9143 4.141e-04
13428.3964 4.121e-04
13428.8785 4.102e-04
13429.3607 4.083e-04
13429.8428 4.065e-04
13430.3249 4.047e-04
13430.8070 4.028e-04
13431.2891 4.011e-04
13431.7712 3.992e-04
13432.2534 3.975e-04
13432.7355 3.957e-04
13433.2176 3.940e-04
13433.6997 3.924e-04
13434.1818 3.906e-04
13434.6639 3.890e-04
13435.1461 3.873e-04
13435.6282 3.858e-04
13436.1103 3.842e-04
13436.5924 3.825e-04
13437.0745 3.810e-04
13437.5566 3.794e-04
13438.0388 3.779e-04
13438.5209 3.764e-04
13439.0030 3.750e-04
13439.4851 3.735e-04
13439.9672 3.720e-04
13440.4493 3.705e-04
13440.9315 3.692e-04
13441.4136 3.678e-04
13441.8957 3.664e-04
13442.3778 3.649e-04
13442.8599 3.636e-04
13443.3420 3.623e-04
13443.8242 3.610e-04
13444.3063 3.596e-04
13444.7884 3.583e-04
13445.2705 3.570e-04
13445.7526 3.559e-04
13446.2347 3.545e-04
13446.7169 3.532e-04
13447.1990 3.520e-04
13447.6811 3.507e-04
13448.1632 3.496e-04
13448.6453 3.484e-04
13449.1274 3.472e-04
13449.6096 3.460e-04
13450.0917 3.447e-04
13450.5738 3.436e-04
13451.0559 3.424e-04
13451.5380 3.412e-04
13452.0202 3.402e-04
13452.5023 3.390e-04
13452.9844 3.379e-04
13453.4665 3.367e-04
13453.9486 3.357e-04
13454.4307 3.346e-04
13454.9129 3.334e-04
13455.3950 3.324e-04
13455.8771 3.312e-04
13456.3592 3.302e-04
13456.8413 3.291e-04
13457.3234 3.281e-04
13457.8055 3.269e-04
13458.2877 3.259e-04
13458.7698 3.248e-04
13459.2519 3.237e-04
13459.7340 3.228e-04
13460.2161 3.217e-04
13460.6982 3.207e-04
13461.1804 3.195e-04
13461.6625 3.185e-04
13462.1446 3.175e-04
13462.6267 3.164e-04
13463.1088 3.154e-04
13463.5909 3.144e-04
13464.0731 3.134e-04
13464.5552 3.124e-04
13465.0373 3.114e-04
13465.5194 3.103e-04
13466.0015 3.093e-04
13466.4837 3.084e-04
13466.9658 3.073e-04
13467.4479 3.063e-04
13467.9300 3.052e-04
13468.4121 3.043e-04
13468.8942 3.032e-04
13469.3764 3.023e-04
13469.8585 3.012e-04
13470.3406 3.003e-04
13470.8227 2.992e-04
13471.3048 2.983e-04
13471.7869 2.972e-04
13472.2691 2.962e-04
13472.7512 2.952e-04
13473.2333 2.942e-04
13473.7154 2.932e-04
13474.1975 2.922e-04
13474.6796 2.912e-04
13475.1617 2.903e-04
13475.6439 2.893e-04
13476.1260 2.882e-04
13476.6081 2.872e-04
13477.0902 2.862e-04
13477.5723 2.852e-04
13478.0544 2.842e-04
13478.5366 2.831e-04
13479.0187 2.821e-04
13479.5008 2.811e-04
13479.9829 2.801e-04
13480.4650 2.791e-04
13480.9471 2.782e-04
13481.4293 2.772e-04
13481.9114 2.762e-04
13482.3935 2.752e-04
13482.8756 2.741e-04
13483.3577 2.731e-04
13483.8399 2.721e-04
13484.3220 2.712e-04
13484.8041 2.701e-04
13485.2862 2.691e-04
13485.7683 2.680e-04
13486.2504 2.670e-04
13486.7326 2.660e-04
13487.2147 2.650e-04
13487.6968 2.639e-04
13488.1789 2.629e-04
13488.6610 2.619e-04
13489.1431 2.609e-04
13489.6252 2.599e-04
13490.1074 2.588e-04
13490.5895 2.578e-04
13491.0716 2.567e-04
13491.5537 2.556e-04
13492.0358 2.547e-04
13492.5179 2.536e-04
13493.0001 2.526e-04
13493.4822 2.515e-04
13493.9643 2.504e-04
13494.4464 2.493e-04
13494.9285 2.484e-04
13495.4106 2.473e-04
13495.8928 2.463e-04
13496.3749 2.452e-04
13496.8570 2.441e-04
13497.3391 2.430e-04
13497.8212 2.420e-04
13498.3034 2.409e-04
13498.7855 2.398e-04
13499.2676 2.388e-04
13499.7497 2.377e-04
13500.2318 2.366e-04
13500.7139 2.356e-04
13501.1961 2.345e-04
13501.6782 2.334e-04
13502.1603 2.323e-04
13502.6424 2.312e-04
13503.1245 2.301e-04
13503.6066 2.291e-04
13504.0888 2.279e-04
13504.5709 2.269e-04
13505.0530 2.258e-04
13505.5351 2.247e-04
13506.0172 2.236e-04
13506.4993 2.225e-04
13506.9814 2.214e-04
13507.4636 2.203e-04
13507.9457 2.192e-04
13508.4278 2.181e-04
13508.9099 2.170e-04
13509.3920 2.159e-04
13509.8741 2.148e-04
13510.3563 2.137e-04
13510.8384 2.126e-04
13511.3205 2.114e-04
13511.8026 2.103e-04
13512.2847 2.094e-04
13512.7668 2.082e-04
13513.2490 2.071e-04
13513.7311 2.060e-04
13514.2132 2.050e-04
13514.6953 2.039e-04
13515.1774 2.028e-04
13515.6596 2.018e-04
13516.1417 2.006e-04
13516.6238 1.996e-04
13517.1059 1.985e-04
13517.5880 1.975e-04
13518.0701 1.963e-04
13518.5523 1.953e-04
13519.0344 1.943e-04
13519.5165 1.933e-04
13519.9986 1.922e-04
13520.4807 1.911e-04
13520.9628 1.901e-04
13521.4449 1.891e-04
13521.9271 1.881e-04
13522.4092 1.871e-04
13522.8913 1.862e-04
13523.3734 1.852e-04
13523.8555 1.841e-04
13524.3376 1.832e-04
13524.8198 1.822e-04
13525.3019 1.814e-04
13525.7840 1.803e-04
13526.2661 1.794e-04
13526.7482 1.785e-04
13527.2303 1.775e-04
13527.7125 1.766e-04
13528.1946 1.757e-04
13528.6767 1.748e-04
13529.1588 1.739e-04
13529.6409 1.731e-04
13530.1231 1.722e-04
13530.6052 1.713e-04
13531.0873 1.706e-04
13531.5694 1.696e-04
13532.0515 1.689e-04
13532.5336 1.681e-04
13533.0158 1.672e-04
13533.4979 1.664e-04
13533.9800 1.657e-04
13534.4621 1.649e-04
13534.9442 1.641e-04
13535.4263 1.635e-04
13535.9085 1.627e-04
13536.3906 1.619e-04
13536.8727 1.613e-04
13537.3548 1.606e-04
13537.8369 1.599e-04
13538.3190 1.592e-04
13538.8011 1.586e-04
13539.2833 1.579e-04
13539.7654 1.572e-04
13540.2475 1.566e-04
13540.7296 1.561e-04
13541.2117 1.554e-04
13541.6938 1.549e-04
13542.1760 1.543e-04
13542.6581 1.537e-04
13543.1402 1.531e-04
13543.6223 1.526e-04
13544.1044 1.520e-04
13544.5865 1.515e-04
13545.0687 1.510e-04
13545.5508 1.504e-04
13546.0329 1.499e-04
13546.5150 1.494e-04
13546.9971 1.490e-04
13547.4793 1.485e-04
13547.9614 1.481e-04
13548.4435 1.476e-04
13548.9256 1.471e-04
13549.4077 1.467e-04
13549.8898 1.462e-04
13550.3720 1.458e-04
13550.8541 1.454e-04
13551.3362 1.450e-04
13551.8183 1.446e-04
13552.3004 1.442e-04
13552.7825 1.438e-04
13553.2646 1.434e-04
13553.7468 1.430e-04
13554.2289 1.426e-04
13554.7110 1.423e-04
13555.1931 1.419e-04
13555.6752 1.415e-04
13556.1573 1.411e-04
13556.6395 1.408e-04
13557.1216 1.404e-04
13557.6037 1.401e-04
13558.0858 1.397e-04
13558.5679 1.394e-04
13559.0500 1.390e-04
13559.5322 1.387e-04
13560.0143 1.383e-04
13560.4964 1.380e-04
13560.9785 1.376e-04
13561.4606 1.372e-04
13561.9428 1.369e-04
13562.4249 1.366e-04
13562.9070 1.362e-04
13563.3891 1.358e-04
13563.8712 1.355e-04
13564.3533 1.352e-04
13564.8355 1.348e-04
13565.3176 1.345e-04
13565.7997 1.341e-04
13566.2818 1.338e-04
13566.7639 1.334e-04
13567.2460 1.330e-04
13567.7282 1.327e-04
13568.2103 1.323e-04
13568.6924 1.319e-04
13569.1745 1.316e-04
13569.6566 1.312e-04
13570.1387 1.308e-04
13570.6208 1.304e-04
13571.1030 1.300e-04
13571.5851 1.296e-04
13572.0672 1.292e-04
13572.5493 1.288e-04
13573.0314 1.284e-04
13573.5135 1.280e-04
13573.9957 1.275e-04
13574.4778 1.272e-04
13574.9599 1.267e-04
13575.4420 1.263e-04
13575.9241 1.258e-04
13576.4062 1.254e-04
13576.8884 1.250e-04
13577.3705 1.245e-04
13577.8526 1.240e-04
13578.3347 1.236e-04
13578.8168 1.231e-04
13579.2990 1.226e-04
13579.7811 1.221e-04
13580.2632 1.217e-04
13580.7453 1.212e-04
13581.2274 1.207e-04
13581.7095 1.202e-04
13582.1917 1.197e-04
13582.6738 1.192e-04
13583.1559 1.187e-04
13583.6380 1.181e-04
13584.1201 1.176e-04
13584.6022 1.171e-04
13585.0843 1.165e-04
13585.5665 1.160e-04
13586.0486 1.154e-04
13586.5307 1.149e-04
13587.0128 1.144e-04
13587.4949 1.138e-04
13587.9771 1.132e-04
13588.4592 1.127e-04
13588.9413 1.121e-04
13589.4234 1.115e-04
13589.9055 1.110e-04
13590.3876 1.104e-04
13590.8698 1.098e-04
13591.3519 1.092e-04
13591.8340 1.087e-04
13592.3161 1.081e-04
13592.7982 1.075e-04
13593.2803 1.069e-04
13593.7625 1.063e-04
13594.2446 1.057e-04
13594.7267 1.051e-04
13595.2088 1.045e-04
13595.6909 1.039e-04
13596.1730 1.033e-04
13596.6552 1.027e-04
13597.1373 1.020e-04
13597.6194 1.015e-04
13598.1015 1.008e-04
13598.5836 1.002e-04
13599.0657 9.965e-05
13599.5479 9.902e-05
13600.0300 9.839e-05
13600.5121 9.776e-05
13600.9942 9.713e-05
13601.4763 9.656e-05
13601.9584 9.593e-05
13602.4406 9.531e-05
13602.9227 9.468e-05
13603.4048 9.405e-05
13603.8869 9.342e-05
13604.3690 9.285e-05
13604.8511 9.222e-05
13605.3333 9.159e-05
13605.8154 9.096e-05
13606.2975 9.033e-05
13606.7796 8.970e-05
13607.2617 8.914e-05
13607.7438 8.851e-05
13608.2260 8.788e-05
13608.7081 8.725e-05
13609.1902 8.662e-05
13609.6723 8.605e-05
13610.1544 8.542e-05
13610.6365 8.479e-05
13611.1187 8.423e-05
13611.6008 8.360e-05
13612.0829 8.297e-05
13612.5650 8.240e-05
13613.0471 8.177e-05
13613.5292 8.114e-05
13614.0114 8.058e-05
13614.4935 7.995e-05
13614.9756 7.938e-05
13615.4577 7.875e-05
13615.9398 7.818e-05
13616.4219 7.755e-05
13616.9041 7.699e-05
13617.3862 7.642e-05
13617.8683 7.579e-05
13618.3504 7.522e-05
13618.8325 7.466e-05
13619.3146 7.403e-05
13619.7968 7.346e-05
13620.2789 7.290e-05
13620.7610 7.233e-05
13621.2431 7.176e-05
13621.7252 7.120e-05
13622.2073 7.063e-05
13622.6895 7.006e-05
13623.1716 6.950e-05
13623.6537 6.893e-05
13624.1358 6.843e-05
13624.6179 6.786e-05
13625.1000 6.729e-05
13625.5822 6.679e-05
13626.0643 6.622e-05
13626.5464 6.572e-05
13627.0285 6.515e-05
13627.5106 6.465e-05
13627.9927 6.415e-05
13628.4749 6.364e-05
13628.9570 6.308e-05
13629.4391 6.259e-05
13629.9212 6.209e-05
13630.4033 6.160e-05
13630.8854 6.109e-05
13631.3676 6.060e-05
13631.8497 6.013e-05
13632.3318 5.964e-05
13632.8139 5.917e-05
13633.2960 5.871e-05
13633.7781 5.824e-05
13634.2603 5.778e-05
13634.7424 5.733e-05
13635.2245 5.689e-05
13635.7066 5.644e-05
13636.1887 5.601e-05
13636.6708 5.558e-05
13637.1530 5.516e-05
13637.6351 5.475e-05
13638.1172 5.435e-05
13638.5993 5.395e-05
13639.0814 5.354e-05
13639.5635 5.315e-05
13640.0457 5.278e-05
13640.5278 5.241e-05
13641.0099 5.204e-05
13641.4920 5.169e-05
13641.9741 5.133e-05
13642.4562 5.100e-05
13642.9384 5.065e-05
13643.4205 5.032e-05
13643.9026 5.001e-05
13644.3847 4.969e-05
13644.8668 4.940e-05
13645.3489 4.913e-05
13645.8311 4.887e-05
13646.3132 4.861e-05
13646.7953 4.836e-05
13647.2774 4.812e-05
13647.7595 4.788e-05
13648.2416 4.764e-05
13648.7238 4.742e-05
13649.2059 4.719e-05
13649.6880 4.698e-05
13650.1701 4.678e-05
13650.6522 4.658e-05
13651.1343 4.639e-05
13651.6165 4.620e-05
13652.0986 4.602e-05
13652.5807 4.585e-05
13653.0628 4.569e-05
13653.5449 4.551e-05
13654.0270 4.537e-05
13654.5092 4.522e-05
13654.9913 4.508e-05
13655.4734 4.495e-05
13655.9555 4.481e-05
13656.4376 4.469e-05
13656.9197 4.459e-05
13657.4019 4.449e-05
13657.8840 4.438e-05
13658.3661 4.428e-05
13658.8482 4.419e-05
13659.3303 4.411e-05
13659.8124 4.405e-05
13660.2946 4.397e-05
13660.7767 4.391e-05
13661.2588 4.385e-05
13661.7409 4.381e-05
13662.2230 4.376e-05
13662.7051 4.372e-05
13663.1873 4.369e-05
13663.6694 4.366e-05
13664.1515 4.364e-05
13664.6336 4.362e-05
13665.1157 4.361e-05
13665.5978 4.360e-05
13666.0800 4.360e-05
13666.5621 4.360e-05
13667.0442 4.361e-05
13667.5263 4.362e-05
13668.0084 4.364e-05
13668.4905 4.365e-05
13668.9727 4.367e-05
13669.4548 4.371e-05
13669.9369 4.373e-05
13670.4190 4.376e-05
13670.9011 4.379e-05
13671.3832 4.384e-05
13671.8654 4.388e-05
13672.3475 4.391e-05
13672.8296 4.395e-05
13673.3117 4.401e-05
13673.7938 4.405e-05
13674.2759 4.410e-05
13674.7581 4.414e-05
13675.2402 4.419e-05
13675.7223 4.425e-05
13676.2044 4.430e-05
13676.6865 4.434e-05
13677.1686 4.439e-05
13677.6508 4.444e-05
13678.1329 4.450e-05
13678.6150 4.454e-05
13679.0971 4.459e-05
13679.5792 4.463e-05
13680.0613 4.467e-05
13680.5435 4.471e-05
13681.0256 4.474e-05
13681.5077 4.479e-05
13681.9898 4.481e-05
13682.4719 4.484e-05
13682.9540 4.486e-05
13683.4362 4.490e-05
13683.9183 4.491e-05
13684.4004 4.493e-05
13684.8825 4.493e-05
13685.3646 4.495e-05
13685.8468 4.495e-05
13686.3289 4.495e-05
13686.8110 4.493e-05
13687.2931 4.492e-05
13687.7752 4.491e-05
13688.2573 4.488e-05
13688.7394 4.484e-05
13689.2216 4.481e-05
13689.7037 4.476e-05
13690.1858 4.472e-05
13690.6679 4.467e-05
13691.1500 4.460e-05
13691.6321 4.454e-05
13692.1143 4.445e-05
13692.5964 4.438e-05
13693.0785 4.428e-05
13693.5606 4.419e-05
13694.0427 4.408e-05
13694.5248 4.398e-05
13695.0070 4.386e-05
13695.4891 4.374e-05
13695.9712 4.361e-05
13696.4533 4.347e-05
13696.9354 4.332e-05
13697.4176 4.316e-05
13697.8997 4.300e-05
13698.3818 4.283e-05
13698.8639 4.266e-05
13699.3460 4.247e-05
13699.8281 4.228e-05
13700.3103 4.208e-05
13700.7924 4.188e-05
13701.2745 4.165e-05
13701.7566 4.145e-05
13702.2387 4.121e-05
13702.7208 4.098e-05
13703.2030 4.073e-05
13703.6851 4.048e-05
13704.1672 4.022e-05
13704.6493 3.996e-05
13705.1314 3.968e-05
13705.6135 3.941e-05
13706.0956 3.913e-05
13706.5778 3.884e-05
13707.0599 3.855e-05
13707.5420 3.824e-05
13708.0241 3.793e-05
13708.5062 3.762e-05
13708.9883 3.730e-05
13709.4705 3.698e-05
13709.9526 3.664e-05
13710.4347 3.632e-05
13710.9168 3.597e-05
13711.3989 3.563e-05
13711.8810 3.527e-05
13712.3632 3.492e-05
13712.8453 3.457e-05
13713.3274 3.420e-05
13713.8095 3.384e-05
13714.2916 3.347e-05
13714.7738 3.310e-05
13715.2559 3.272e-05
13715.7380 3.235e-05
13716.2201 3.197e-05
13716.7022 3.158e-05
13717.1843 3.120e-05
13717.6665 3.081e-05
13718.1486 3.042e-05
13718.6307 3.002e-05
13719.1128 2.964e-05
13719.5949 2.924e-05
13720.0770 2.884e-05
13720.5591 2.845e-05
13721.0413 2.806e-05
13721.5234 2.767e-05
13722.0055 2.727e-05
13722.4876 2.687e-05
13722.9697 2.648e-05
13723.4518 2.608e-05
13723.9340 2.568e-05
13724.4161 2.529e-05
13724.8982 2.490e-05
13725.3803 2.451e-05
13725.8624 2.412e-05
13726.3445 2.373e-05
13726.8267 2.335e-05
13727.3088 2.296e-05
13727.7909 2.258e-05
13728.2730 2.221e-05
13728.7551 2.182e-05
13729.2373 2.145e-05
13729.7194 2.108e-05
13730.2015 2.072e-05
13730.6836 2.036e-05
13731.1657 1.999e-05
13731.6478 1.963e-05
13732.1300 1.928e-05
13732.6121 1.893e-05
13733.0942 1.859e-05
13733.5763 1.824e-05
13734.0584 1.790e-05
13734.5405 1.757e-05
13735.0227 1.724e-05
13735.5048 1.691e-05
13735.9869 1.659e-05
13736.4690 1.627e-05
13736.9511 1.596e-05
13737.4332 1.565e-05
13737.9153 1.535e-05
13738.3975 1.506e-05
13738.8796 1.477e-05
13739.3617 1.447e-05
13739.8438 1.418e-05
13740.3259 1.391e-05
13740.8080 1.364e-05
13741.2902 1.338e-05
13741.7723 1.311e-05
13742.2544 1.285e-05
13742.7365 1.260e-05
13743.2186 1.236e-05
13743.7007 1.212e-05
13744.1829 1.188e-05
13744.6650 1.165e-05
13745.1471 1.143e-05
13745.6292 1.121e-05
13746.1113 1.100e-05
13746.5935 1.079e-05
13747.0756 1.058e-05
13747.5577 1.039e-05
13748.0398 1.019e-05
13748.5219 1.001e-05
13749.0040 9.826e-06
13749.4862 9.650e-06
13749.9683 9.480e-06
13750.4504 9.310e-06
13750.9325 9.153e-06
13751.4146 8.995e-06
13751.8967 8.851e-06
13752.3788 8.706e-06
13752.8610 8.561e-06
13753.3431 8.429e-06
13753.8252 8.297e-06
13754.3073 8.177e-06
13754.7894 8.058e-06
13755.2715 7.938e-06
13755.7537 7.831e-06
13756.2358 7.724e-06
13756.7179 7.623e-06
13757.2000 7.529e-06
13757.6821 7.434e-06
13758.1642 7.352e-06
13758.6464 7.271e-06
13759.1285 7.189e-06
13759.6106 7.120e-06
13760.0927 7.050e-06
13760.5748 6.987e-06
13761.0570 6.924e-06
13761.5391 6.868e-06
13762.0212 6.817e-06
13762.5033 6.767e-06
13762.9854 6.723e-06
13763.4675 6.685e-06
13763.9497 6.647e-06
13764.4318 6.616e-06
13764.9139 6.585e-06
13765.3960 6.559e-06
13765.8781 6.540e-06
13766.3602 6.522e-06
13766.8424 6.503e-06
13767.3245 6.496e-06
13767.8066 6.484e-06
13768.2887 6.478e-06
13768.7708 6.478e-06
13769.2529 6.478e-06
13769.7350 6.484e-06
13770.2172 6.490e-06
13770.6993 6.496e-06
13771.1814 6.509e-06
13771.6635 6.528e-06
13772.1456 6.540e-06
13772.6277 6.559e-06
13773.1099 6.585e-06
13773.5920 6.610e-06
13774.0741 6.635e-06
13774.5562 6.666e-06
13775.0383 6.692e-06
13775.5204 6.729e-06
13776.0026 6.761e-06
13776.4847 6.799e-06
13776.9668 6.836e-06
13777.4489 6.874e-06
13777.9310 6.918e-06
13778.4132 6.962e-06
13778.8953 7.006e-06
13779.3774 7.050e-06
13779.8595 7.094e-06
13780.3416 7.145e-06
13780.8237 7.189e-06
13781.3059 7.239e-06
13781.7880 7.290e-06
13782.2701 7.340e-06
13782.7522 7.397e-06
13783.2343 7.447e-06
13783.7164 7.497e-06
13784.1985 7.548e-06
13784.6807 7.604e-06
13785.1628 7.655e-06
13785.6449 7.711e-06
13786.1270 7.762e-06
13786.6091 7.812e-06
13787.0912 7.862e-06
13787.5734 7.919e-06
13788.0555 7.969e-06
13788.5376 8.020e-06
13789.0197 8.070e-06
13789.5018 8.114e-06
13789.9839 8.165e-06
13790.4661 8.215e-06
13790.9482 8.259e-06
13791.4303 8.303e-06
13791.9124 8.347e-06
13792.3945 8.385e-06
13792.8767 8.429e-06
13793.3588 8.467e-06
13793.8409 8.504e-06
13794.3230 8.536e-06
13794.8051 8.574e-06
13795.2872 8.599e-06
13795.7694 8.630e-06
13796.2515 8.656e-06
13796.7336 8.681e-06
13797.2157 8.706e-06
13797.6978 8.725e-06
13798.1799 8.737e-06
13798.6621 8.756e-06
13799.1442 8.763e-06
13799.6263 8.775e-06
13800.1084 8.781e-06
13800.5905 8.781e-06
13801.0726 8.781e-06
13801.5547 8.775e-06
13802.0369 8.769e-06
13802.5190 8.756e-06
13803.0011 8.744e-06
13803.4832 8.725e-06
13803.9653 8.706e-06
13804.4474 8.681e-06
13804.9296 8.649e-06
13805.4117 8.618e-06
13805.8938 8.580e-06
13806.3759 8.542e-06
13806.8580 8.498e-06
13807.3401 8.448e-06
13807.8223 8.397e-06
13808.3044 8.341e-06
13808.7865 8.278e-06
13809.2686 8.215e-06
13809.7507 8.146e-06
13810.2329 8.070e-06
13810.7150 7.995e-06
13811.1971 7.913e-06
13811.6792 7.825e-06
13812.1613 7.736e-06
13812.6434 7.642e-06
13813.1256 7.541e-06
13813.6077 7.441e-06
13814.0898 7.334e-06
13814.5719 7.220e-06
13815.0540 7.107e-06
13815.5361 6.987e-06
13816.0182 6.861e-06
13816.5004 6.729e-06
13816.9825 6.597e-06
13817.4646 6.459e-06
13817.9467 6.320e-06
13818.4288 6.173e-06
13818.9109 6.024e-06
13819.3931 5.871e-06
13819.8752 5.712e-06
13820.3573 5.551e-06
13820.8394 5.385e-06
13821.3215 5.215e-06
13821.8036 5.042e-06
13822.2858 4.865e-06
13822.7679 4.685e-06
13823.2500 4.500e-06
13823.7321 4.313e-06
13824.2142 4.122e-06
13824.6964 3.927e-06
13825.1785 3.730e-06
13825.6606 3.530e-06
13826.1427 3.326e-06
13826.6248 3.119e-06
13827.1069 2.910e-06
13827.5891 2.698e-06
13828.0712 2.483e-06
13828.5533 2.266e-06
13829.0354 2.046e-06
13829.5175 1.824e-06
13829.9996 1.601e-06
13830.4818 1.375e-06
13830.9639 1.146e-06
13831.4460 9.172e-07
13831.9281 6.855e-07
13832.4102 4.532e-07
13832.8923 2.192e-07
13833.3745 0.000e+00
13833.8566 0.000e+00
13834.3387 0.000e+00
13834.8208 0.000e+00
13835.3029 0.000e+00
13835.7850 0.000e+00
13836.2672 0.000e+00
13836.7493 0.000e+00
13837.2314 0.000e+00
13837.7135 0.000e+00
13838.1956 0.000e+00
13838.6777 0.000e+00
13839.1599 0.000e+00
13839.6420 0.000e+00
