# oci_bnd_cntr_nm >> T_o2 >> T_h2o >> T_cont (T is NOT in %) 
314.5550 9.986896e-01 9.975251e-01 8.796439e-01
316.2450 9.991497e-01 9.984612e-01 8.308765e-01
318.2600 9.995167e-01 9.990824e-01 8.339403e-01
320.3000 9.996628e-01 9.993738e-01 8.556714e-01
322.4300 9.997672e-01 9.995516e-01 8.857246e-01
324.6500 9.998444e-01 9.996952e-01 9.149615e-01
326.8275 9.998869e-01 9.997744e-01 9.354358e-01
328.9900 9.998798e-01 9.997575e-01 9.521041e-01
331.3050 9.998565e-01 9.997046e-01 9.651192e-01
333.9575 9.998663e-01 9.997128e-01 9.749486e-01
336.8150 9.999134e-01 9.998058e-01 9.828825e-01
339.1600 9.999519e-01 9.998967e-01 9.870286e-01
341.3200 9.999657e-01 9.999319e-01 9.900174e-01
343.6350 9.999712e-01 9.999382e-01 9.919117e-01
346.0200 9.999729e-01 9.999338e-01 9.936648e-01
348.4700 9.999764e-01 9.999352e-01 9.952267e-01
350.9150 9.999803e-01 9.999381e-01 9.957278e-01
353.3450 9.999821e-01 9.999301e-01 9.957742e-01
355.7800 9.999807e-01 9.999017e-01 9.952824e-01
358.2375 9.999791e-01 9.998493e-01 9.935924e-01
360.6950 9.999809e-01 9.997920e-01 9.928717e-01
363.1400 9.999827e-01 9.997553e-01 9.945444e-01
365.6100 9.999855e-01 9.997758e-01 9.961529e-01
368.0800 9.999866e-01 9.998037e-01 9.965986e-01
370.5350 9.999859e-01 9.998111e-01 9.966153e-01
372.9900 9.999854e-01 9.998475e-01 9.964694e-01
375.4800 9.999849e-01 9.999037e-01 9.960378e-01
377.9250 9.999852e-01 9.999358e-01 9.950934e-01
380.4200 9.999856e-01 9.999493e-01 9.943450e-01
382.8775 9.999857e-01 9.999565e-01 9.949702e-01
385.3575 9.999843e-01 9.999611e-01 9.961003e-01
387.8100 9.999841e-01 9.999650e-01 9.963924e-01
390.2950 9.999846e-01 9.999666e-01 9.963965e-01
392.7650 9.999850e-01 9.999534e-01 9.963874e-01
395.2400 9.999865e-01 9.998709e-01 9.964027e-01
397.7050 9.999900e-01 9.997805e-01 9.964125e-01
400.1775 9.999937e-01 9.998224e-01 9.964817e-01
402.6550 9.999947e-01 9.999169e-01 9.965906e-01
405.1300 9.999935e-01 9.999666e-01 9.966463e-01
407.6050 9.999932e-01 9.999752e-01 9.965746e-01
410.0750 9.999936e-01 9.999713e-01 9.964984e-01
412.5550 9.999943e-01 9.999615e-01 9.965357e-01
415.0275 9.999941e-01 9.999338e-01 9.966608e-01
417.5100 9.999930e-01 9.999157e-01 9.966987e-01
419.9850 9.999927e-01 9.999408e-01 9.965491e-01
422.4500 9.999928e-01 9.999674e-01 9.963633e-01
424.9400 9.999927e-01 9.999650e-01 9.963273e-01
427.4000 9.999933e-01 9.999571e-01 9.964235e-01
429.8850 9.999937e-01 9.999632e-01 9.964757e-01
432.3800 9.999936e-01 9.999745e-01 9.963517e-01
434.8700 9.999936e-01 9.999769e-01 9.962297e-01
437.3525 9.999932e-01 9.999500e-01 9.961886e-01
439.8300 9.999933e-01 9.997229e-01 9.960520e-01
442.3250 9.999936e-01 9.993355e-01 9.958336e-01
444.8150 9.999939e-01 9.992780e-01 9.955284e-01
447.3100 9.999935e-01 9.995992e-01 9.954098e-01
449.7950 9.999930e-01 9.998604e-01 9.956553e-01
452.2800 9.999935e-01 9.999346e-01 9.958866e-01
454.7650 9.999931e-01 9.999375e-01 9.958325e-01
457.2600 9.999922e-01 9.999507e-01 9.953146e-01
459.7550 9.999927e-01 9.999692e-01 9.945740e-01
462.2500 9.999931e-01 9.999763e-01 9.942356e-01
464.7350 9.999923e-01 9.999476e-01 9.943944e-01
467.2425 9.999927e-01 9.998377e-01 9.943105e-01
469.7275 9.999938e-01 9.997172e-01 9.934648e-01
472.2000 9.999940e-01 9.997293e-01 9.916973e-01
474.7000 9.999942e-01 9.998424e-01 9.888258e-01
477.1875 9.999943e-01 9.999357e-01 9.866928e-01
479.6900 9.999952e-01 9.999668e-01 9.873548e-01
482.1850 9.999955e-01 9.999150e-01 9.894494e-01
484.6900 9.999952e-01 9.997776e-01 9.909958e-01
487.1850 9.999945e-01 9.996891e-01 9.914910e-01
489.6750 9.999940e-01 9.997444e-01 9.912891e-01
492.1750 9.999937e-01 9.998481e-01 9.909673e-01
494.6850 9.999929e-01 9.999205e-01 9.905177e-01
497.1825 9.999928e-01 9.998965e-01 9.898324e-01
499.6900 9.999940e-01 9.994159e-01 9.884846e-01
502.1900 9.999946e-01 9.977232e-01 9.863990e-01
504.6950 9.999940e-01 9.963300e-01 9.848316e-01
507.2000 9.999931e-01 9.968027e-01 9.845729e-01
509.7200 9.999924e-01 9.982037e-01 9.848743e-01
512.2100 9.999917e-01 9.993627e-01 9.849238e-01
514.7300 9.999911e-01 9.998353e-01 9.845732e-01
517.2200 9.999900e-01 9.999375e-01 9.838529e-01
519.7450 9.999893e-01 9.999449e-01 9.828648e-01
522.2500 9.999901e-01 9.998573e-01 9.814944e-01
524.7750 9.999914e-01 9.997471e-01 9.794519e-01
527.2750 9.999919e-01 9.997463e-01 9.769602e-01
529.8000 9.999911e-01 9.997942e-01 9.747131e-01
532.3149 9.999902e-01 9.998465e-01 9.734030e-01
534.8550 9.999892e-01 9.998628e-01 9.733175e-01
537.3450 9.999888e-01 9.996292e-01 9.736364e-01
539.8800 9.999892e-01 9.988395e-01 9.732735e-01
542.3950 9.999896e-01 9.981202e-01 9.722063e-01
544.9050 9.999896e-01 9.981263e-01 9.710784e-01
547.4425 9.999893e-01 9.986683e-01 9.702132e-01
549.9950 9.999893e-01 9.993484e-01 9.695067e-01
552.5100 9.999901e-01 9.997509e-01 9.687192e-01
555.0450 9.999894e-01 9.999009e-01 9.676144e-01
557.5750 9.999880e-01 9.999204e-01 9.659432e-01
560.1050 9.999874e-01 9.998833e-01 9.636120e-01
562.6400 9.999870e-01 9.998394e-01 9.609443e-01
565.1900 9.999868e-01 9.994032e-01 9.581617e-01
567.7100 9.999873e-01 9.978740e-01 9.550363e-01
570.2600 9.999876e-01 9.967203e-01 9.511724e-01
572.7950 9.999878e-01 9.969158e-01 9.472529e-01
575.3450 9.999455e-01 9.975829e-01 9.447082e-01
577.9050 9.997544e-01 9.985137e-01 9.452211e-01
580.4500 9.996665e-01 9.991378e-01 9.495262e-01
582.9950 9.998408e-01 9.990165e-01 9.547094e-01
585.5525 9.999710e-01 9.956075e-01 9.579039e-01
588.0850 9.999866e-01 9.854108e-01 9.591489e-01
590.5475 9.999867e-01 9.769736e-01 9.590732e-01
593.0850 9.999868e-01 9.773355e-01 9.580621e-01
595.6801 9.999867e-01 9.823490e-01 9.565147e-01
598.2600 9.999860e-01 9.895576e-01 9.548996e-01
600.5450 9.999298e-01 9.951378e-01 9.537760e-01
602.9175 9.999158e-01 9.983941e-01 9.535064e-01
605.4600 9.999282e-01 9.995402e-01 9.541556e-01
607.9875 9.999208e-01 9.998288e-01 9.554706e-01
610.3600 9.999187e-01 9.999098e-01 9.570389e-01
612.7325 9.999444e-01 9.999296e-01 9.585563e-01
615.1450 9.999692e-01 9.999276e-01 9.598551e-01
617.6050 9.999764e-01 9.999177e-01 9.607322e-01
620.0600 9.999596e-01 9.999067e-01 9.610047e-01
622.5300 9.999405e-01 9.998406e-01 9.606223e-01
624.9875 9.971002e-01 9.990764e-01 9.598117e-01
627.4325 9.883570e-01 9.975742e-01 9.592335e-01
629.9000 9.865872e-01 9.970968e-01 9.596167e-01
632.3750 9.946701e-01 9.974968e-01 9.614013e-01
634.8325 9.992748e-01 9.978866e-01 9.644627e-01
637.3050 9.999457e-01 9.984060e-01 9.679180e-01
639.7900 9.999637e-01 9.986303e-01 9.709339e-01
641.0300 9.999526e-01 9.985640e-01 9.721947e-01
642.2550 9.999475e-01 9.981952e-01 9.732880e-01
643.4800 9.999506e-01 9.968070e-01 9.742045e-01
644.7150 9.999613e-01 9.935126e-01 9.749693e-01
645.9650 9.999780e-01 9.888386e-01 9.756149e-01
647.1850 9.999921e-01 9.845904e-01 9.761807e-01
648.4350 9.999996e-01 9.819579e-01 9.766926e-01
649.6700 1.000000e+00 9.819051e-01 9.771880e-01
650.9150 9.999951e-01 9.834359e-01 9.776712e-01
652.1525 9.999889e-01 9.851480e-01 9.781458e-01
653.3875 9.999840e-01 9.864100e-01 9.786063e-01
654.6250 9.999811e-01 9.871919e-01 9.790825e-01
655.8700 9.999812e-01 9.887331e-01 9.795826e-01
657.1000 9.999808e-01 9.906227e-01 9.800938e-01
658.3400 9.999798e-01 9.929579e-01 9.805863e-01
659.6025 9.999781e-01 9.953788e-01 9.810406e-01
660.8350 9.999745e-01 9.971128e-01 9.814659e-01
662.0675 9.999724e-01 9.982735e-01 9.818905e-01
663.3000 9.999731e-01 9.988687e-01 9.823209e-01
664.5649 9.999776e-01 9.991843e-01 9.827615e-01
665.7950 9.999846e-01 9.993731e-01 9.832138e-01
667.0250 9.999910e-01 9.995356e-01 9.836705e-01
668.2650 9.999938e-01 9.996781e-01 9.841281e-01
669.5175 9.999913e-01 9.997824e-01 9.845780e-01
670.7550 9.999839e-01 9.998485e-01 9.850164e-01
671.9900 9.999740e-01 9.998839e-01 9.854378e-01
673.2450 9.999635e-01 9.998998e-01 9.858436e-01
674.5050 9.999544e-01 9.999017e-01 9.862312e-01
675.7300 9.999470e-01 9.998916e-01 9.866049e-01
676.9625 9.999415e-01 9.998663e-01 9.869584e-01
678.2050 9.999378e-01 9.998149e-01 9.872882e-01
679.4450 9.999336e-01 9.997239e-01 9.875878e-01
680.6801 9.999279e-01 9.996010e-01 9.878471e-01
681.9175 9.998738e-01 9.994553e-01 9.880708e-01
683.1725 9.950785e-01 9.992955e-01 9.882722e-01
684.4175 9.722801e-01 9.991495e-01 9.884719e-01
685.6550 9.385925e-01 9.990483e-01 9.886901e-01
686.8950 9.010077e-01 9.989491e-01 9.889416e-01
688.1400 8.796933e-01 9.986061e-01 9.892284e-01
689.3900 8.844580e-01 9.966269e-01 9.895361e-01
690.6500 9.087443e-01 9.907922e-01 9.898375e-01
691.8900 9.427194e-01 9.809184e-01 9.901099e-01
693.1300 9.678372e-01 9.700132e-01 9.903564e-01
694.3850 9.856105e-01 9.637201e-01 9.905980e-01
695.6450 9.947372e-01 9.631951e-01 9.908590e-01
696.8900 9.983841e-01 9.665518e-01 9.911431e-01
698.1200 9.995100e-01 9.695506e-01 9.914349e-01
699.3725 9.997975e-01 9.693545e-01 9.917148e-01
700.6125 9.998907e-01 9.684611e-01 9.919765e-01
701.8550 9.999303e-01 9.689051e-01 9.922248e-01
703.1000 9.999529e-01 9.722122e-01 9.924645e-01
704.3550 9.999621e-01 9.764161e-01 9.926906e-01
705.5900 9.999635e-01 9.801683e-01 9.928962e-01
706.8350 9.999607e-01 9.835048e-01 9.930775e-01
708.0875 9.999549e-01 9.861153e-01 9.932339e-01
709.3350 9.999485e-01 9.882849e-01 9.933617e-01
710.5800 9.999439e-01 9.896771e-01 9.934539e-01
711.8250 9.999423e-01 9.897348e-01 9.934954e-01
713.0649 9.999443e-01 9.866284e-01 9.934560e-01
714.3150 9.999476e-01 9.727009e-01 9.932858e-01
716.8174 9.999575e-01 9.050067e-01 9.924547e-01
719.2950 9.999678e-01 8.576741e-01 9.916381e-01
721.8000 9.999675e-01 8.778804e-01 9.917605e-01
724.3050 9.999672e-01 8.803782e-01 9.923441e-01
726.7950 9.999789e-01 8.738089e-01 9.929690e-01
729.3000 9.999788e-01 8.909908e-01 9.938808e-01
731.7900 9.999619e-01 9.234340e-01 9.948614e-01
734.2800 9.999455e-01 9.572186e-01 9.954872e-01
736.7925 9.999491e-01 9.731722e-01 9.957400e-01
739.2875 9.999821e-01 9.833166e-01 9.958379e-01
740.5350 9.999954e-01 9.885972e-01 9.958429e-01
741.7825 9.999997e-01 9.927301e-01 9.958050e-01
743.0450 9.999924e-01 9.956011e-01 9.957213e-01
744.2850 9.999764e-01 9.974341e-01 9.955991e-01
745.5350 9.999600e-01 9.984190e-01 9.954564e-01
746.7900 9.999429e-01 9.989916e-01 9.953206e-01
748.0400 9.999256e-01 9.992778e-01 9.952192e-01
749.2800 9.999103e-01 9.994541e-01 9.951674e-01
750.5400 9.998933e-01 9.995707e-01 9.951587e-01
751.7900 9.998729e-01 9.996577e-01 9.951659e-01
753.0400 9.998450e-01 9.997257e-01 9.951553e-01
754.2950 9.997870e-01 9.997795e-01 9.950753e-01
755.5400 9.959869e-01 9.998071e-01 9.948247e-01
756.8025 9.507984e-01 9.998189e-01 9.942924e-01
758.0500 8.484232e-01 9.998258e-01 9.934768e-01
759.3000 7.140725e-01 9.998373e-01 9.925272e-01
760.5600 5.858603e-01 9.998580e-01 9.916365e-01
761.8000 5.236053e-01 9.998815e-01 9.910014e-01
763.0600 5.394819e-01 9.999018e-01 9.907998e-01
764.3100 6.206950e-01 9.999137e-01 9.911513e-01
765.5575 7.264266e-01 9.999203e-01 9.920828e-01
766.8175 8.230703e-01 9.999207e-01 9.934157e-01
768.0699 9.052125e-01 9.999204e-01 9.948137e-01
769.3300 9.558311e-01 9.999160e-01 9.959294e-01
770.5649 9.812468e-01 9.999104e-01 9.966178e-01
771.8250 9.925663e-01 9.999015e-01 9.969628e-01
773.0750 9.972911e-01 9.998884e-01 9.971089e-01
774.3375 9.989019e-01 9.998764e-01 9.971397e-01
776.8325 9.997204e-01 9.998302e-01 9.970500e-01
779.3350 9.998986e-01 9.997425e-01 9.970078e-01
781.8425 9.999240e-01 9.993800e-01 9.971821e-01
784.3525 9.999277e-01 9.972523e-01 9.974978e-01
786.8550 9.999256e-01 9.902625e-01 9.977602e-01
789.3675 9.999306e-01 9.812293e-01 9.978989e-01
791.8675 9.999424e-01 9.806901e-01 9.980113e-01
794.3800 9.999504e-01 9.830624e-01 9.981511e-01
796.8800 9.999571e-01 9.813318e-01 9.982593e-01
799.3925 9.999689e-01 9.793060e-01 9.983202e-01
801.9000 9.999788e-01 9.776397e-01 9.983670e-01
804.4100 9.999722e-01 9.815533e-01 9.983917e-01
806.9150 9.999517e-01 9.857418e-01 9.983079e-01
809.4250 9.999372e-01 9.770366e-01 9.980150e-01
811.9300 9.999340e-01 9.404610e-01 9.973720e-01
814.4400 9.999402e-01 8.757944e-01 9.961659e-01
816.9449 9.999494e-01 8.392499e-01 9.948371e-01
819.4550 9.999495e-01 8.622030e-01 9.943616e-01
821.9600 9.999405e-01 8.709874e-01 9.948197e-01
824.4600 9.999314e-01 8.814359e-01 9.955689e-01
826.9850 9.999301e-01 9.002133e-01 9.962669e-01
829.4900 9.999429e-01 8.996515e-01 9.969858e-01
832.0050 9.999604e-01 9.180950e-01 9.978523e-01
834.5050 9.999669e-01 9.459471e-01 9.986000e-01
837.0200 9.999574e-01 9.682627e-01 9.989824e-01
839.5150 9.999390e-01 9.804387e-01 9.991004e-01
842.0300 9.999283e-01 9.872034e-01 9.991135e-01
844.5400 9.999193e-01 9.919986e-01 9.990844e-01
847.0600 9.999082e-01 9.949533e-01 9.989954e-01
849.5700 9.999190e-01 9.948811e-01 9.988172e-01
852.0875 9.999453e-01 9.944610e-01 9.986276e-01
854.5850 9.999625e-01 9.957228e-01 9.985834e-01
857.1000 9.999682e-01 9.973692e-01 9.987048e-01
859.5950 9.999317e-01 9.985207e-01 9.988816e-01
862.1125 9.998708e-01 9.992653e-01 9.990837e-01
864.6075 9.998452e-01 9.996080e-01 9.992662e-01
867.1150 9.998512e-01 9.997520e-01 9.994094e-01
869.6150 9.998953e-01 9.997791e-01 9.995104e-01
872.1300 9.999439e-01 9.996951e-01 9.995719e-01
874.6350 9.999610e-01 9.994615e-01 9.996017e-01
877.1475 9.999551e-01 9.989879e-01 9.996026e-01
879.6350 9.999270e-01 9.982068e-01 9.995758e-01
882.1350 9.999091e-01 9.973804e-01 9.995253e-01
884.6375 9.999111e-01 9.960002e-01 9.994546e-01
887.1300 9.999148e-01 9.944344e-01 9.993636e-01
889.5950 9.999295e-01 9.918332e-01 9.992405e-01
892.0900 9.999476e-01 9.731737e-01 9.989121e-01
894.6025 9.999536e-01 9.148882e-01 9.979584e-01
